/*--------------------------------*- C++ -*----------------------------------*\
  =========                 |
  \\      /  F ield         | OpenFOAM: The Open Source CFD Toolbox
   \\    /   O peration     | Website:  https://openfoam.org
    \\  /    A nd           | Version:  dev
     \\/     M anipulation  |
\*---------------------------------------------------------------------------*/
FoamFile
{
    format      binary;
    class       cellSet;
    location    "constant/polyMesh/sets";
    object      porousBlockageCellSet_roof;
}
// * * * * * * * * * * * * * * * * * * * * * * * * * * * * * * * * * * * * * //


9214
(
409600 
409601 
409604 
409607 
409608 
409611 
409614 
409615 
409618 
409621 
409622 
409625 
409628 
409629 
409632 
409635 
409636 
409639 
409642 
409643 
409646 
409649 
409650 
409653 
409656 
409657 
409660 
409663 
409664 
409667 
409670 
409671 
409674 
409677 
409678 
409681 
409684 
409685 
409688 
409691 
409692 
409695 
409698 
409699 
409702 
409705 
409706 
409709 
409712 
409713 
409716 
409719 
409720 
409723 
409726 
409727 
409730 
409733 
409734 
409737 
409740 
409741 
409744 
409747 
409748 
409751 
409754 
409755 
409758 
409761 
409762 
409765 
409768 
409769 
409772 
409775 
409776 
409779 
409782 
409783 
409786 
409789 
409790 
409793 
409796 
409797 
409800 
409803 
409804 
409807 
409810 
409811 
409814 
409817 
409818 
409821 
409824 
409825 
409828 
409831 
409832 
409835 
409838 
409839 
278768 
409842 
278770 
409845 
278773 
409846 
278774 
278775 
409849 
278777 
409852 
278780 
409853 
278781 
409856 
409859 
409860 
409863 
409866 
409867 
278796 
409870 
278798 
409873 
278801 
409874 
278802 
278803 
409877 
278805 
409880 
278808 
409881 
278809 
409884 
409887 
409888 
409891 
409894 
409895 
278824 
409898 
278826 
409901 
278829 
409902 
278830 
278831 
409905 
278833 
409908 
278836 
409909 
278837 
409912 
409915 
409916 
409919 
409922 
409923 
278852 
409926 
278854 
409929 
278857 
409930 
278858 
278859 
409933 
278861 
409936 
278864 
409937 
278865 
409940 
409943 
409944 
409947 
409950 
409951 
278880 
409954 
278882 
409957 
278885 
409958 
278886 
278887 
409961 
278889 
409964 
278892 
409965 
278893 
409968 
409971 
409972 
409975 
409978 
409979 
278908 
409982 
278910 
409985 
278913 
409986 
278914 
278915 
409989 
278917 
409992 
278920 
409993 
278921 
409996 
409999 
410000 
410003 
410006 
410007 
410010 
410013 
410014 
410017 
410020 
410021 
410024 
410027 
410028 
278957 
410031 
278959 
410034 
278962 
410035 
278963 
278964 
410038 
278966 
410041 
278969 
410042 
278970 
410045 
410048 
410049 
410052 
410055 
410056 
278985 
410059 
278987 
410062 
278990 
410063 
278991 
278992 
410066 
278994 
410069 
278997 
410070 
278998 
410073 
410076 
410077 
410080 
410083 
410084 
279013 
410087 
279015 
410090 
279018 
410091 
279019 
279020 
410094 
279022 
410097 
279025 
410098 
279026 
410101 
410104 
410105 
410108 
410111 
410112 
410115 
410118 
410119 
279048 
410122 
279050 
410125 
279053 
410126 
279054 
279055 
410129 
279057 
410132 
279060 
410133 
279061 
410136 
410139 
410140 
410143 
410146 
410147 
279076 
410150 
279078 
410153 
279081 
410154 
279082 
279083 
410157 
279085 
410160 
279088 
410161 
279089 
410164 
410167 
410168 
410171 
410174 
410175 
410178 
410181 
410182 
410185 
410188 
410189 
410192 
410195 
410196 
410199 
410202 
410203 
410206 
410209 
410210 
410213 
410216 
410217 
410220 
410223 
410224 
410227 
410230 
410231 
410234 
410237 
410238 
410241 
410244 
410245 
410248 
410251 
410252 
410255 
410258 
410259 
410262 
410265 
410266 
410269 
410272 
410273 
410276 
410279 
410280 
410283 
410286 
410287 
410290 
410293 
410294 
410297 
410300 
410301 
410304 
410307 
410308 
410311 
410314 
410315 
410318 
410321 
410322 
410325 
410328 
410329 
410332 
410335 
410336 
410339 
410342 
410343 
410346 
410349 
410350 
410353 
410356 
410357 
410360 
410363 
410364 
410367 
410370 
410371 
410374 
410377 
410378 
410381 
410384 
410385 
410388 
410391 
410392 
410395 
410398 
410399 
410402 
410405 
410406 
410409 
410412 
410413 
410416 
410419 
410420 
410423 
410426 
410427 
410430 
410433 
410434 
410437 
410440 
410441 
410444 
410447 
410448 
410451 
410454 
410455 
410458 
410461 
410462 
410465 
410468 
410469 
410472 
410475 
410476 
410479 
410482 
410483 
410486 
410489 
410490 
410493 
410496 
410497 
410500 
410503 
410504 
410507 
410510 
410511 
410514 
410517 
410518 
410521 
410524 
410525 
410528 
410531 
410532 
410535 
410538 
410539 
410542 
410545 
410546 
410549 
410552 
410553 
410556 
410559 
410560 
410563 
410566 
410567 
410570 
410573 
410574 
410577 
410580 
410581 
410584 
410587 
410588 
410591 
410594 
410595 
410598 
410601 
410602 
410605 
410608 
410609 
410612 
410615 
410616 
410619 
410622 
410623 
410626 
410629 
410630 
410633 
410636 
410637 
410640 
410643 
410644 
410647 
410650 
410651 
410654 
410657 
410658 
410661 
410664 
410665 
410668 
410671 
410672 
410675 
410685 
410686 
263231 
410688 
410690 
410692 
410693 
410695 
410696 
410699 
263243 
410701 
263245 
410703 
410705 
263257 
263259 
263271 
263273 
263285 
263287 
410750 
410754 
410757 
410758 
410761 
263306 
263308 
410765 
410768 
410771 
410772 
410775 
263327 
263329 
410792 
410793 
410796 
263341 
410799 
263343 
410800 
410803 
410806 
410807 
410810 
263355 
410813 
263357 
410814 
410817 
410820 
410821 
410824 
410827 
410828 
410831 
263376 
410834 
263378 
410835 
410838 
410841 
410842 
410845 
263389 
263391 
410848 
410849 
410852 
410855 
410856 
410859 
410862 
410863 
410866 
410869 
410870 
410873 
410876 
410877 
410880 
410883 
410884 
410887 
410890 
410891 
410894 
410897 
410898 
410901 
410904 
410905 
410908 
410911 
410912 
410915 
410918 
410919 
410922 
410925 
410926 
410929 
410932 
410933 
410936 
410939 
410940 
410943 
410946 
410947 
410950 
410953 
410954 
410957 
410960 
410961 
410964 
410967 
410968 
410971 
410974 
410975 
410978 
410981 
410982 
410985 
410988 
410989 
410992 
410995 
410996 
410999 
411002 
411003 
411006 
411009 
411010 
411013 
411016 
411017 
411020 
411023 
411024 
411027 
411030 
411031 
411034 
411037 
411038 
411041 
411044 
411045 
411048 
411051 
411052 
411055 
411058 
411059 
411062 
411065 
411066 
411069 
411072 
411073 
411076 
411079 
411080 
411083 
411086 
411087 
411090 
411093 
411094 
411097 
411100 
411101 
411104 
411107 
411108 
411111 
411114 
411115 
411118 
411121 
411122 
411125 
411128 
411129 
411132 
411135 
411136 
411139 
411142 
411143 
411146 
411149 
411150 
411153 
411156 
411157 
411160 
411163 
411164 
411167 
411170 
411171 
411174 
411177 
411178 
411181 
411184 
411185 
411188 
411191 
411192 
411195 
411198 
411199 
411202 
411205 
411206 
411209 
411212 
411213 
411216 
411219 
411220 
411223 
411226 
411227 
411230 
411233 
411234 
411237 
411240 
411241 
411244 
411247 
411248 
411251 
411254 
411255 
411258 
411261 
411262 
411265 
411268 
411269 
411272 
411275 
411276 
411279 
411282 
411283 
411286 
411289 
411290 
411293 
411296 
411297 
411300 
411303 
411304 
411307 
411310 
411311 
411314 
411317 
411318 
411321 
411324 
411325 
411328 
411331 
411332 
411335 
411338 
411339 
411342 
411345 
411346 
411349 
411352 
411353 
411356 
411359 
411360 
411363 
411366 
411367 
411370 
411373 
411374 
411377 
411380 
411381 
411384 
411387 
411388 
411391 
411394 
411395 
411398 
411401 
411402 
411405 
411408 
411409 
411412 
411415 
411416 
411419 
411422 
411423 
411426 
411429 
411430 
411433 
411436 
411437 
411440 
411443 
411444 
411447 
411450 
411451 
411454 
411457 
411458 
411461 
411464 
411465 
411468 
411471 
411472 
411475 
411478 
411479 
411482 
411485 
411486 
411489 
411492 
411493 
411496 
411499 
411500 
411503 
411506 
411507 
411510 
411513 
411514 
411517 
411520 
411521 
411524 
411527 
411528 
411531 
411534 
411535 
411538 
411541 
411542 
411545 
411548 
411549 
411552 
411555 
411556 
411559 
411562 
411563 
411566 
411569 
411570 
411573 
411576 
411577 
411580 
411583 
411584 
411587 
411590 
411591 
411594 
411597 
411598 
411601 
411604 
411605 
411608 
411611 
411612 
411615 
411618 
411619 
411622 
411625 
411626 
411629 
411632 
411633 
411636 
411639 
411640 
411643 
411646 
411647 
411650 
411653 
411654 
411657 
411660 
411661 
411664 
411667 
411668 
411671 
411674 
411675 
411678 
411681 
411682 
411685 
411688 
411689 
411692 
411695 
411696 
411699 
411702 
411703 
411706 
411709 
411710 
411713 
411716 
411717 
411720 
411723 
411724 
411727 
411730 
411731 
411734 
411737 
411738 
411741 
411744 
411745 
411748 
411751 
411752 
411755 
411758 
411759 
411762 
411765 
411766 
411769 
411772 
411773 
411776 
411779 
411780 
411783 
411786 
411787 
411790 
411793 
411794 
411797 
411800 
411801 
411804 
411807 
411808 
411811 
411814 
411815 
411818 
411821 
411822 
411825 
411828 
411829 
411832 
411835 
411836 
411839 
411842 
411843 
411846 
411849 
411850 
411853 
411856 
411857 
411860 
411863 
411864 
411867 
411870 
411871 
411874 
411877 
411878 
411881 
411884 
411885 
411888 
411891 
411892 
411895 
411898 
411899 
411902 
411905 
411906 
411909 
411912 
411913 
411916 
411919 
411920 
411923 
411926 
411927 
411930 
411933 
411934 
411937 
411940 
411941 
411944 
411947 
411948 
411951 
411954 
411955 
411958 
411961 
411962 
411965 
411968 
411969 
411972 
411975 
411976 
411979 
411982 
411983 
411986 
411989 
411990 
411993 
411996 
411997 
412000 
412003 
412004 
412007 
412010 
412011 
412014 
412017 
412018 
412021 
412024 
412025 
412028 
412031 
412032 
412035 
412038 
412039 
412042 
412045 
412046 
412049 
412066 
412067 
412070 
412072 
412075 
412077 
412080 
412081 
412084 
412086 
412089 
412091 
412136 
412140 
412143 
412144 
412147 
412151 
412154 
412157 
412158 
412161 
412178 
412179 
412182 
412185 
412186 
412189 
412192 
412193 
412196 
412199 
412200 
412203 
412206 
412207 
412210 
412213 
412214 
412217 
412220 
412221 
412224 
412227 
412228 
412231 
412234 
412235 
412238 
412241 
412242 
412245 
412248 
412249 
412252 
412255 
412256 
412259 
412262 
412263 
412266 
412269 
412270 
412273 
412276 
412277 
412280 
412283 
412284 
412287 
412290 
412291 
412294 
412297 
412298 
412301 
412304 
412305 
412308 
412311 
412312 
412315 
412318 
412319 
412322 
412325 
412326 
412329 
412332 
412333 
412336 
412339 
412340 
412343 
412346 
412347 
412350 
412353 
412354 
412357 
412360 
412361 
412364 
412367 
412368 
412371 
412374 
412375 
412378 
412381 
412382 
412385 
412388 
412389 
412392 
412395 
412396 
412399 
412402 
412403 
412406 
412409 
412410 
412413 
412416 
412417 
412420 
412423 
412424 
412427 
412430 
412431 
412434 
412437 
412438 
412441 
412444 
412445 
412448 
412451 
412452 
412455 
412458 
412459 
412462 
412465 
412466 
412469 
412472 
412473 
412476 
412479 
412480 
412483 
412486 
412487 
412490 
412493 
412494 
412497 
412500 
412501 
412504 
412507 
412508 
412511 
412514 
412515 
412518 
412521 
412522 
412525 
412528 
412529 
412532 
412535 
412536 
412539 
412542 
412543 
412546 
412549 
412550 
412553 
412556 
412557 
412560 
412563 
412564 
412567 
412570 
412571 
412574 
412577 
412578 
412581 
412584 
412585 
412588 
412591 
412592 
412595 
412598 
412599 
412602 
412605 
412606 
412609 
412612 
412613 
412616 
412619 
412620 
412623 
412626 
412627 
412630 
412633 
412634 
412637 
412640 
412641 
412644 
412647 
412648 
412651 
412654 
412655 
412658 
412661 
412662 
412665 
412668 
412669 
412672 
412675 
412676 
412679 
412682 
412683 
412686 
412689 
412690 
412693 
412696 
412697 
412700 
412703 
412704 
412707 
412710 
412711 
412714 
412717 
412718 
412721 
412724 
412725 
412728 
412731 
412732 
412735 
412738 
412739 
412742 
412745 
412746 
412749 
412752 
412753 
412756 
412759 
412760 
412763 
412766 
412767 
412770 
412773 
412774 
412777 
412780 
412781 
412784 
412787 
412788 
412791 
412794 
412795 
412798 
412801 
412802 
412805 
412808 
412809 
412812 
412815 
412816 
412819 
412822 
412823 
412826 
412829 
412830 
412833 
412836 
412837 
412840 
412843 
412844 
412847 
412850 
412851 
412854 
412857 
412858 
412861 
412864 
412865 
412868 
412871 
412872 
412875 
412878 
412879 
412882 
412885 
412886 
412889 
412892 
412893 
412896 
412899 
412900 
412903 
412906 
412907 
412910 
412913 
412914 
412917 
412920 
412921 
412924 
412927 
412928 
412931 
412934 
412935 
412938 
412941 
412942 
412945 
412948 
412949 
412952 
412955 
412956 
412959 
412962 
412963 
412966 
412969 
412970 
412973 
412976 
412977 
412980 
412983 
412984 
412987 
412990 
412991 
412994 
412997 
412998 
413001 
413004 
413005 
413008 
413011 
413012 
413015 
413018 
413019 
413022 
413025 
413026 
413029 
413032 
413033 
413036 
413039 
413040 
413043 
413046 
413047 
413050 
413053 
413054 
413057 
413060 
413061 
413064 
413067 
413068 
413071 
413074 
413075 
413078 
413081 
413082 
413085 
413088 
413089 
413092 
413095 
413096 
413099 
413102 
413103 
413106 
413109 
413110 
413113 
413116 
413117 
413120 
413123 
413124 
413127 
413130 
413131 
413134 
413137 
413138 
413141 
413144 
413145 
413148 
413151 
413152 
413155 
413158 
413159 
413162 
413165 
413166 
413169 
413172 
413173 
413176 
413179 
413180 
413183 
413186 
413187 
413190 
413193 
413194 
413197 
413200 
413201 
413204 
413207 
413208 
413211 
413214 
413215 
413218 
413221 
413222 
413225 
413228 
413229 
413232 
413235 
413236 
413239 
413242 
413243 
413246 
413249 
413250 
413253 
413256 
413257 
413260 
413263 
413264 
413267 
413270 
413271 
413274 
413277 
413278 
413281 
413284 
413285 
413288 
413291 
413292 
413295 
413298 
413299 
413302 
413305 
413306 
413309 
413312 
413313 
413316 
413319 
413320 
413323 
413326 
413327 
413330 
413333 
413334 
413337 
413340 
413341 
413344 
413347 
413348 
413351 
413354 
413355 
413358 
413361 
413362 
413365 
413368 
413369 
413372 
413375 
413376 
413379 
413382 
413383 
413386 
413389 
413390 
413393 
413396 
413397 
413400 
413403 
413404 
413407 
413410 
413411 
413414 
413417 
413418 
413421 
413424 
413425 
413428 
413431 
413432 
413435 
413452 
413453 
413456 
413458 
413461 
413463 
413466 
413467 
413470 
413472 
413475 
413477 
413522 
413526 
413529 
413530 
413533 
413537 
413540 
413543 
413544 
413547 
413564 
413565 
413568 
413571 
413572 
413575 
413578 
413579 
413582 
413585 
413586 
413589 
413592 
413593 
413596 
413599 
413600 
413603 
413606 
413607 
413610 
413613 
413614 
413617 
413620 
413621 
413624 
413627 
413628 
413631 
413634 
413635 
413638 
413641 
413642 
413645 
413648 
413649 
413652 
413655 
413656 
413659 
413662 
413663 
413666 
413669 
413670 
413673 
413676 
413677 
413680 
413683 
413684 
413687 
413690 
413691 
413694 
413697 
413698 
413701 
413704 
413705 
413708 
413711 
413712 
413715 
413718 
413719 
413722 
413725 
413726 
413729 
413732 
413733 
413736 
413739 
413740 
413743 
413746 
413747 
413750 
413753 
413754 
413757 
413760 
413761 
413764 
413767 
413768 
413771 
413774 
413775 
413778 
413781 
413782 
413785 
413788 
413789 
413792 
413795 
413796 
413799 
413802 
413803 
413806 
413809 
413810 
413813 
413816 
413817 
413820 
413823 
413824 
413827 
413830 
413831 
413834 
413837 
413838 
413841 
413844 
413845 
413848 
413851 
413852 
413855 
413858 
413859 
413862 
413865 
413866 
413869 
413872 
413873 
413876 
413879 
413880 
413883 
413886 
413887 
413890 
413893 
413894 
413897 
413900 
413901 
413904 
413907 
413908 
413911 
413914 
413915 
413918 
413921 
413922 
413925 
413928 
413929 
413932 
413935 
413936 
413939 
413942 
413943 
413946 
413949 
413950 
413953 
413956 
413957 
413960 
413963 
413964 
413967 
413970 
413971 
413974 
413977 
413978 
413981 
413984 
413985 
413988 
413991 
413992 
413995 
413998 
413999 
414002 
414005 
414006 
414009 
414012 
414013 
414016 
414019 
414020 
414023 
414026 
414027 
414030 
414033 
414034 
414037 
414040 
414041 
414044 
414047 
414048 
414051 
414054 
414055 
414058 
414061 
414062 
414065 
414068 
414069 
414072 
414075 
414076 
414079 
414082 
414083 
414086 
414089 
414090 
414093 
414096 
414097 
414100 
414103 
414104 
414107 
414110 
414111 
414114 
414117 
414118 
414121 
414124 
414125 
414128 
414131 
414132 
414135 
414138 
414139 
414142 
414145 
414146 
414149 
414152 
414153 
414156 
414159 
414160 
414163 
414166 
414167 
414170 
414173 
414174 
414177 
414180 
414181 
414184 
414187 
414188 
414191 
414194 
414195 
414198 
414201 
414202 
414205 
414208 
414209 
414212 
414215 
414216 
414219 
414222 
414223 
414226 
414229 
414230 
414233 
414236 
414237 
414240 
414243 
414244 
414247 
414250 
414251 
414254 
414257 
414258 
414261 
414264 
414265 
414268 
414271 
414272 
414275 
414278 
414279 
414282 
414285 
414286 
414289 
414292 
414293 
414296 
414299 
414300 
414303 
414306 
414307 
414310 
414313 
414314 
414317 
414320 
414321 
414324 
414327 
414328 
414331 
414334 
414335 
414338 
414341 
414342 
414345 
414348 
414349 
414352 
414355 
414356 
414359 
414362 
414363 
414366 
414369 
414370 
414373 
414376 
414377 
414380 
414383 
414384 
414387 
414390 
414391 
414394 
414397 
414398 
414401 
414404 
414405 
414408 
414411 
414412 
414415 
414418 
414419 
414422 
414425 
414426 
414429 
414432 
414433 
299745 
414436 
414439 
299751 
414440 
299752 
414443 
414446 
299758 
414447 
299759 
414450 
414453 
299765 
414454 
299766 
414457 
414460 
299772 
414461 
299773 
414464 
414467 
299779 
414468 
299780 
414471 
414474 
299786 
414475 
299787 
414478 
414481 
299793 
414482 
299794 
414485 
414488 
299800 
414489 
299801 
414492 
414495 
299807 
414496 
299808 
414499 
414502 
299814 
414503 
299815 
414506 
414509 
299821 
414510 
299822 
414513 
414516 
299828 
414517 
299829 
414520 
414523 
299835 
414524 
299836 
414527 
414530 
299842 
414531 
299843 
414534 
414537 
299849 
414538 
299850 
414541 
414544 
299856 
414545 
299857 
414548 
414551 
299863 
414552 
299864 
414555 
414558 
299870 
414559 
299871 
414562 
414565 
299877 
414566 
299878 
414569 
414572 
299884 
414573 
299885 
414576 
414579 
299891 
414580 
299892 
414583 
414586 
299898 
414587 
299899 
414590 
414593 
299905 
414594 
299906 
414597 
414600 
299912 
414601 
299913 
414604 
414607 
299919 
414608 
299920 
414611 
414614 
299926 
414615 
299927 
414618 
414621 
299933 
414622 
299934 
414625 
414628 
299940 
414629 
299941 
414632 
414635 
299947 
414636 
299948 
414639 
414642 
299954 
414643 
299955 
414646 
414649 
299961 
414650 
299962 
414653 
414656 
299968 
414657 
299969 
414660 
414663 
299975 
414664 
299976 
414667 
414670 
299982 
414671 
299983 
414674 
414677 
299989 
414678 
299990 
414681 
414684 
299996 
414685 
299997 
414688 
414691 
300003 
414692 
300004 
414695 
414698 
300010 
414699 
300011 
414702 
414705 
300017 
414706 
300018 
414709 
414712 
300024 
414713 
300025 
414716 
414719 
300031 
414720 
300032 
414723 
414726 
300038 
414727 
300039 
414730 
414733 
300045 
414734 
300046 
414737 
414740 
300052 
414741 
300053 
414744 
414747 
300059 
414748 
300060 
414751 
414754 
414755 
414758 
414761 
414762 
414765 
300079 
414768 
414769 
300081 
300082 
300083 
414772 
300086 
414775 
300087 
414776 
300088 
300089 
414779 
300092 
300093 
414782 
300094 
414783 
300095 
414786 
300098 
300099 
300100 
414789 
300101 
414790 
300104 
414793 
300105 
300106 
300107 
414796 
414797 
300110 
300111 
414800 
300112 
300113 
414803 
414804 
300116 
300117 
300118 
414807 
300119 
414810 
300122 
414811 
300123 
300124 
300125 
414814 
300128 
414817 
300129 
414818 
300130 
300131 
414821 
300134 
300135 
300136 
300137 
300140 
300141 
300142 
300143 
300146 
300147 
300148 
300149 
414838 
414839 
300152 
300153 
414842 
300154 
300155 
414844 
300158 
414847 
300159 
300160 
414849 
300161 
414852 
300164 
414853 
300165 
300166 
300167 
414856 
414858 
300170 
300171 
300172 
414861 
300173 
414863 
300176 
300177 
300178 
300179 
300182 
300183 
300184 
300185 
300188 
300189 
300190 
300191 
300194 
300195 
300196 
300197 
414887 
300200 
300201 
300202 
414891 
300203 
414894 
300206 
414895 
300207 
300208 
300209 
414898 
300212 
300213 
414902 
300214 
300215 
414905 
300218 
300219 
414908 
300220 
414909 
300221 
414912 
300224 
300225 
300226 
300227 
300230 
300231 
300232 
300233 
300236 
300237 
300238 
300239 
414929 
414930 
300242 
300243 
300244 
414933 
300245 
414936 
300248 
414937 
300249 
300250 
300251 
414940 
300254 
414943 
300255 
414944 
300256 
300257 
414947 
300260 
300261 
414950 
300262 
414951 
300263 
414954 
300266 
300267 
300268 
414957 
300269 
414958 
300272 
414961 
300273 
300274 
300275 
414964 
414965 
300278 
300279 
414968 
300280 
300281 
414971 
414972 
300284 
300285 
300286 
414975 
300287 
414978 
300290 
414979 
300291 
300292 
300293 
414982 
300296 
414985 
300297 
414986 
300298 
300299 
414989 
300302 
300303 
414992 
300304 
414993 
300305 
414996 
300308 
300309 
300310 
414999 
300311 
415000 
300314 
415003 
300315 
300316 
300317 
415006 
415007 
300320 
300321 
415010 
300322 
300323 
415013 
415014 
300326 
300327 
300328 
415017 
300329 
415020 
300332 
415021 
300333 
300334 
300335 
415024 
300338 
415027 
300339 
415028 
300340 
300341 
415031 
300344 
300345 
415034 
300346 
415035 
300347 
415038 
300350 
300351 
300352 
415041 
300353 
415042 
415045 
415048 
415049 
415052 
415055 
415056 
415059 
415062 
300374 
415063 
300376 
415066 
300379 
300380 
415069 
300381 
415070 
300382 
415073 
300386 
300387 
415076 
300388 
415077 
300389 
415080 
300393 
300394 
415083 
300395 
415084 
300396 
415087 
300400 
300401 
415090 
300402 
415091 
300403 
415094 
300407 
300408 
415097 
300409 
415098 
300410 
415101 
300414 
300415 
415104 
300416 
415105 
300417 
415108 
300421 
300422 
415111 
300423 
415112 
300424 
415115 
300428 
300429 
415118 
300430 
415119 
300431 
415122 
300435 
300436 
415125 
300437 
415126 
300438 
415129 
300442 
300443 
415132 
300444 
415133 
300445 
415136 
300449 
300450 
415139 
300451 
415140 
300452 
415143 
300456 
300457 
415146 
300458 
415147 
300459 
415150 
300463 
300464 
415153 
300465 
415154 
300466 
415157 
300470 
300471 
415160 
300472 
415161 
300473 
415164 
300477 
300478 
415167 
300479 
415168 
300480 
415171 
300484 
300485 
415174 
300486 
415175 
300487 
415178 
300491 
300492 
415181 
300493 
415182 
300494 
415185 
300498 
300499 
415188 
300500 
415189 
300501 
415192 
300505 
300506 
415195 
300507 
415196 
300508 
415199 
300512 
300513 
415202 
300514 
415203 
300515 
415206 
300519 
300520 
415209 
300521 
415210 
300522 
415213 
300526 
300527 
415216 
300528 
415217 
300529 
415220 
300533 
300534 
415223 
300535 
415224 
300536 
415227 
300540 
300541 
415230 
300542 
415231 
300543 
415234 
300547 
300548 
415237 
300549 
415238 
300550 
415241 
300554 
300555 
415244 
300556 
415245 
300557 
415248 
300561 
300562 
415251 
300563 
415252 
300564 
415255 
300568 
300569 
415258 
300570 
415259 
300571 
415262 
300575 
300576 
415265 
300577 
415266 
300578 
415269 
300582 
300583 
415272 
300584 
415273 
300585 
415276 
300589 
300590 
415279 
300591 
415280 
300592 
415283 
300596 
300597 
415286 
300598 
415287 
300599 
415290 
300603 
300604 
415293 
300605 
415294 
300606 
415297 
300610 
300611 
415300 
300612 
415301 
300613 
415304 
300617 
300618 
415307 
300619 
415308 
300620 
415311 
300624 
300625 
415314 
300626 
415315 
300627 
415318 
300631 
300632 
415321 
300633 
415322 
300634 
415325 
300638 
300639 
415328 
300640 
415329 
300641 
415332 
300645 
300646 
415335 
300647 
415336 
300648 
415339 
300652 
300653 
415342 
300654 
415343 
300655 
415346 
300659 
300660 
415349 
300661 
415350 
300662 
415353 
300666 
300667 
415356 
300668 
415357 
300669 
415360 
300673 
300674 
415363 
300675 
415364 
300676 
415367 
300680 
300681 
415370 
300682 
415371 
300683 
415374 
300687 
300688 
415377 
300689 
415378 
300690 
415381 
300694 
300695 
415384 
300696 
415385 
300697 
415388 
415391 
415392 
415395 
415398 
415399 
415402 
415405 
415406 
415409 
415412 
415413 
415416 
415419 
415420 
415423 
300737 
415426 
415427 
300739 
415430 
300743 
300744 
415433 
300745 
415434 
300746 
415437 
300750 
300751 
415440 
300752 
415441 
300753 
415444 
300757 
300758 
415447 
300759 
415448 
300760 
415451 
300764 
300765 
415454 
300766 
415455 
300767 
415458 
300771 
300772 
415461 
300773 
415462 
300774 
415465 
300778 
300779 
415468 
300780 
415469 
300781 
415472 
300785 
300786 
415475 
300787 
415476 
300788 
415479 
300792 
300793 
415482 
300794 
415483 
300795 
415486 
300799 
300800 
415489 
300801 
415490 
300802 
415493 
300806 
300807 
415496 
300808 
415497 
300809 
415500 
300813 
300814 
415503 
300815 
415504 
300816 
415507 
300820 
300821 
415510 
300822 
415511 
300823 
415514 
300827 
300828 
415517 
300829 
415518 
300830 
415521 
300834 
300835 
415524 
300836 
415525 
300837 
415528 
300841 
300842 
415531 
300843 
415532 
300844 
415535 
300848 
300849 
415538 
300850 
415539 
300851 
415542 
300855 
300856 
415545 
300857 
415546 
300858 
415549 
300862 
300863 
415552 
300864 
415553 
300865 
415556 
300869 
300870 
415559 
300871 
415560 
300872 
415563 
300876 
300877 
415566 
300878 
415567 
300879 
415570 
300883 
300884 
415573 
300885 
415574 
300886 
415577 
300890 
300891 
415580 
300892 
415581 
300893 
415584 
300897 
300898 
415587 
300899 
415588 
300900 
415591 
300904 
300905 
415594 
300906 
415595 
300907 
415598 
300911 
300912 
415601 
300913 
415602 
300914 
415605 
300918 
300919 
415608 
300920 
415609 
300921 
415612 
300925 
300926 
415615 
300927 
415616 
300928 
415619 
300932 
300933 
415622 
300934 
415623 
300935 
415626 
300939 
300940 
415629 
300941 
415630 
300942 
415633 
300946 
300947 
415636 
300948 
415637 
300949 
415640 
300953 
300954 
415643 
300955 
415644 
300956 
415647 
300960 
300961 
415650 
300962 
415651 
300963 
415654 
300967 
300968 
415657 
300969 
415658 
300970 
415661 
300974 
300975 
415664 
300976 
415665 
300977 
415668 
300981 
300982 
415671 
300983 
415672 
300984 
415675 
300988 
300989 
415678 
300990 
415679 
300991 
415682 
300995 
300996 
415685 
300997 
415686 
300998 
415689 
301002 
301003 
415692 
301004 
415693 
301005 
415696 
301009 
301010 
415699 
301011 
415700 
301012 
415703 
301016 
301017 
415706 
301018 
415707 
301019 
415710 
301023 
301024 
415713 
301025 
415714 
301026 
415717 
301030 
301031 
415720 
301032 
415721 
301033 
415724 
301037 
301038 
415727 
301039 
415728 
301040 
415731 
301044 
301045 
415734 
301046 
415735 
301047 
415738 
301051 
301052 
415741 
301053 
415742 
301054 
415745 
301058 
301059 
415748 
301060 
415749 
301061 
415752 
415755 
415756 
415759 
415762 
415763 
415766 
415769 
415770 
415773 
415776 
415777 
415780 
301094 
415783 
415784 
301096 
415787 
301100 
301101 
415790 
301102 
415791 
301103 
415794 
301107 
301108 
415797 
301109 
415798 
301110 
415801 
301114 
301115 
415804 
301116 
415805 
301117 
415808 
301121 
301122 
415811 
301123 
415812 
301124 
415815 
301128 
301129 
415818 
301130 
415819 
301131 
415822 
301135 
301136 
415825 
301137 
415826 
301138 
415829 
301142 
301143 
415832 
301144 
415833 
301145 
415836 
301149 
301150 
415839 
301151 
415840 
301152 
415843 
301156 
301157 
415846 
301158 
415847 
301159 
415850 
301163 
301164 
415853 
301165 
415854 
301166 
415857 
301170 
301171 
415860 
301172 
415861 
301173 
415864 
301177 
301178 
415867 
301179 
415868 
301180 
415871 
301184 
301185 
415874 
301186 
415875 
301187 
415878 
301191 
301192 
415881 
301193 
415882 
301194 
415885 
301198 
301199 
415888 
301200 
415889 
301201 
415892 
301205 
301206 
415895 
301207 
415896 
301208 
415899 
301212 
301213 
415902 
301214 
415903 
301215 
415906 
301219 
301220 
415909 
301221 
415910 
301222 
415913 
301226 
301227 
415916 
301228 
415917 
301229 
415920 
301233 
301234 
415923 
301235 
415924 
301236 
415927 
301240 
301241 
415930 
301242 
415931 
301243 
415934 
301247 
301248 
415937 
301249 
415938 
301250 
415941 
301254 
301255 
415944 
301256 
415945 
301257 
415948 
301261 
301262 
415951 
301263 
415952 
301264 
415955 
301268 
301269 
415958 
301270 
415959 
301271 
415962 
301275 
301276 
415965 
301277 
415966 
301278 
415969 
301282 
301283 
415972 
301284 
415973 
301285 
415976 
301289 
301290 
415979 
301291 
415980 
301292 
415983 
301296 
301297 
415986 
301298 
415987 
301299 
415990 
301303 
301304 
415993 
301305 
415994 
301306 
415997 
301310 
301311 
416000 
301312 
416001 
301313 
416004 
301317 
301318 
416007 
301319 
416008 
301320 
416011 
301324 
301325 
416014 
301326 
416015 
301327 
416018 
301331 
301332 
416021 
301333 
416022 
301334 
416025 
301338 
301339 
416028 
301340 
416029 
301341 
416032 
301345 
301346 
416035 
301347 
416036 
301348 
416039 
301352 
301353 
416042 
301354 
416043 
301355 
416046 
301359 
301360 
416049 
301361 
416050 
301362 
416053 
301366 
301367 
416056 
301368 
416057 
301369 
416060 
301373 
301374 
416063 
301375 
416064 
301376 
416067 
301380 
301381 
416070 
301382 
416071 
301383 
416074 
301387 
301388 
416077 
301389 
416078 
301390 
416081 
301394 
301395 
416084 
301396 
416085 
301397 
416088 
301401 
301402 
416091 
301403 
416092 
301404 
416095 
301408 
301409 
416098 
301410 
416099 
301411 
416102 
301415 
301416 
416105 
301417 
416106 
301418 
416109 
416112 
416113 
416116 
416119 
416120 
416123 
416126 
416127 
416130 
416133 
416134 
416137 
301451 
416140 
416141 
301453 
416144 
301457 
301458 
416147 
301459 
416148 
301460 
416151 
301464 
301465 
416154 
301466 
416155 
301467 
416158 
301471 
301472 
416161 
301473 
416162 
301474 
416165 
301478 
301479 
416168 
301480 
416169 
301481 
416172 
301485 
301486 
416175 
301487 
416176 
301488 
416179 
301492 
301493 
416182 
301494 
416183 
301495 
416186 
301499 
301500 
301501 
301502 
301506 
301507 
301508 
301509 
301513 
301514 
416203 
301515 
416204 
301516 
416207 
301520 
416209 
301521 
301522 
301523 
416212 
416214 
301527 
301528 
416217 
301529 
416218 
301530 
416221 
301534 
416223 
301535 
301536 
301537 
416226 
416228 
301541 
301542 
301543 
301544 
301548 
301549 
301550 
301551 
301555 
301556 
301557 
301558 
301562 
301563 
416252 
301564 
301565 
416256 
301569 
301570 
416259 
301571 
416260 
301572 
416263 
301576 
301577 
301578 
416267 
301579 
416270 
301583 
301584 
416273 
301585 
416274 
301586 
416277 
301590 
301591 
301592 
301593 
301597 
301598 
301599 
301600 
301604 
301605 
416294 
301606 
416295 
301607 
416298 
301611 
301612 
416301 
301613 
416302 
301614 
416305 
301618 
301619 
416308 
301620 
416309 
301621 
416312 
301625 
301626 
416315 
301627 
416316 
301628 
416319 
301632 
301633 
416322 
301634 
416323 
301635 
416326 
301639 
301640 
416329 
301641 
416330 
301642 
416333 
301646 
301647 
416336 
301648 
416337 
301649 
416340 
301653 
301654 
416343 
301655 
416344 
301656 
416347 
301660 
301661 
416350 
301662 
416351 
301663 
416354 
301667 
301668 
416357 
301669 
416358 
301670 
416361 
301674 
301675 
416364 
301676 
416365 
301677 
416368 
301681 
301682 
416371 
301683 
416372 
301684 
416375 
301688 
301689 
416378 
301690 
416379 
301691 
416382 
301695 
301696 
416385 
301697 
416386 
301698 
416389 
301702 
301703 
416392 
301704 
416393 
301705 
416396 
301709 
301710 
416399 
301711 
416400 
301712 
416403 
301716 
301717 
416406 
301718 
416407 
301719 
416410 
301723 
301724 
416413 
301725 
416414 
301726 
416417 
301730 
301731 
416420 
301732 
416421 
301733 
416424 
301737 
301738 
416427 
301739 
416428 
301740 
416431 
301744 
301745 
416434 
301746 
416435 
301747 
416438 
301751 
301752 
416441 
301753 
416442 
301754 
416445 
301758 
301759 
416448 
301760 
416449 
301761 
416452 
301765 
301766 
416455 
301767 
416456 
301768 
416459 
301772 
301773 
416462 
301774 
416463 
301775 
416466 
416469 
416470 
416473 
416476 
416477 
416480 
416483 
416484 
416487 
416490 
416491 
416494 
301808 
416497 
416498 
301810 
416501 
301814 
301815 
416504 
301816 
416505 
301817 
416508 
301821 
301822 
416511 
301823 
416512 
301824 
416515 
301828 
301829 
416518 
301830 
416519 
301831 
416522 
301835 
301836 
416525 
301837 
416526 
301838 
416529 
301842 
301843 
416532 
301844 
416533 
301845 
416536 
301849 
301850 
416539 
301851 
416540 
301852 
416543 
301856 
301857 
416546 
301858 
416547 
301859 
416550 
301863 
301864 
416553 
301865 
416554 
301866 
416557 
301870 
301871 
416560 
301872 
416561 
301873 
416564 
301877 
301878 
416567 
301879 
416568 
301880 
416571 
301884 
301885 
416574 
301886 
416575 
301887 
416578 
301891 
301892 
416581 
301893 
416582 
301894 
416585 
301898 
301899 
416588 
301900 
416589 
301901 
416592 
301905 
301906 
416595 
301907 
416596 
301908 
416599 
301912 
301913 
416602 
301914 
416603 
301915 
416606 
301919 
301920 
416609 
301921 
416610 
301922 
416613 
301926 
301927 
416616 
301928 
416617 
301929 
416620 
301933 
301934 
416623 
301935 
416624 
301936 
416627 
301940 
301941 
416630 
301942 
416631 
301943 
416634 
301947 
301948 
416637 
301949 
416638 
301950 
416641 
301954 
301955 
416644 
301956 
416645 
301957 
416648 
301961 
301962 
416651 
301963 
416652 
301964 
416655 
301968 
301969 
416658 
301970 
416659 
301971 
416662 
301975 
301976 
416665 
301977 
416666 
301978 
416669 
301982 
301983 
416672 
301984 
416673 
301985 
416676 
301989 
301990 
416679 
301991 
416680 
301992 
416683 
301996 
301997 
416686 
301998 
416687 
301999 
416690 
302003 
302004 
416693 
302005 
416694 
302006 
416697 
302010 
302011 
416700 
302012 
416701 
302013 
416704 
302017 
302018 
416707 
302019 
416708 
302020 
416711 
302024 
302025 
416714 
302026 
416715 
302027 
416718 
302031 
302032 
416721 
302033 
416722 
302034 
416725 
302038 
302039 
416728 
302040 
416729 
302041 
416732 
302045 
302046 
416735 
302047 
416736 
302048 
416739 
302052 
302053 
416742 
302054 
416743 
302055 
416746 
302059 
302060 
416749 
302061 
416750 
302062 
416753 
302066 
302067 
416756 
302068 
416757 
302069 
416760 
302073 
302074 
416763 
302075 
416764 
302076 
416767 
302080 
302081 
416770 
302082 
416771 
302083 
416774 
302087 
302088 
416777 
302089 
416778 
302090 
416781 
302094 
302095 
416784 
302096 
416785 
302097 
416788 
302101 
302102 
416791 
302103 
416792 
302104 
416795 
302108 
302109 
416798 
302110 
416799 
302111 
416802 
302115 
302116 
416805 
302117 
416806 
302118 
416809 
302122 
302123 
416812 
302124 
416813 
302125 
416816 
302129 
302130 
416819 
302131 
416820 
302132 
416823 
416826 
416827 
416830 
416833 
416834 
416837 
416840 
416841 
416844 
302158 
416847 
416848 
302160 
416851 
302164 
302165 
416854 
302166 
416855 
302167 
416858 
302171 
302172 
416861 
302173 
416862 
302174 
416865 
302178 
302179 
416868 
302180 
416869 
302181 
416872 
302185 
302186 
416875 
302187 
416876 
302188 
416879 
302192 
302193 
416882 
302194 
416883 
302195 
416886 
302199 
302200 
416889 
302201 
416890 
302202 
416893 
302206 
302207 
416896 
302208 
416897 
302209 
416900 
302213 
302214 
416903 
302215 
416904 
302216 
416907 
302220 
302221 
416910 
302222 
416911 
302223 
416914 
302227 
302228 
416917 
302229 
416918 
302230 
416921 
302234 
302235 
416924 
302236 
416925 
302237 
416928 
302241 
302242 
416931 
302243 
416932 
302244 
416935 
302248 
302249 
416938 
302250 
416939 
302251 
416942 
302255 
302256 
416945 
302257 
416946 
302258 
416949 
302262 
302263 
416952 
302264 
416953 
302265 
416956 
302269 
302270 
416959 
302271 
416960 
302272 
416963 
302276 
302277 
416966 
302278 
416967 
302279 
416970 
302283 
302284 
416973 
302285 
416974 
302286 
416977 
302290 
302291 
416980 
302292 
416981 
302293 
416984 
302297 
302298 
416987 
302299 
416988 
302300 
416991 
302304 
302305 
416994 
302306 
416995 
302307 
416998 
302311 
302312 
417001 
302313 
417002 
302314 
417005 
302318 
302319 
417008 
302320 
417009 
302321 
417012 
302325 
302326 
417015 
302327 
417016 
302328 
417019 
302332 
302333 
417022 
302334 
417023 
302335 
417026 
302339 
302340 
417029 
302341 
417030 
302342 
417033 
302346 
302347 
417036 
302348 
417037 
302349 
417040 
302353 
302354 
417043 
302355 
417044 
302356 
417047 
302360 
302361 
417050 
302362 
417051 
302363 
417054 
302367 
302368 
417057 
302369 
417058 
302370 
417061 
302374 
302375 
417064 
302376 
417065 
302377 
417068 
302381 
302382 
417071 
302383 
417072 
302384 
417075 
302388 
302389 
417078 
302390 
417079 
302391 
417082 
302395 
302396 
417085 
302397 
417086 
302398 
417089 
302402 
302403 
417092 
302404 
417093 
302405 
417096 
302409 
302410 
417099 
302411 
417100 
302412 
417103 
302416 
302417 
417106 
302418 
417107 
302419 
417110 
302423 
302424 
417113 
302425 
417114 
302426 
417117 
302430 
302431 
417120 
302432 
417121 
302433 
417124 
302437 
302438 
417127 
302439 
417128 
302440 
417131 
302444 
302445 
417134 
302446 
417135 
302447 
417138 
302451 
302452 
417141 
302453 
417142 
302454 
417145 
302458 
302459 
417148 
302460 
417149 
302461 
417152 
302465 
302466 
417155 
302467 
417156 
302468 
417159 
302472 
302473 
417162 
302474 
417163 
302475 
417166 
302479 
302480 
417169 
302481 
417170 
302482 
417173 
417176 
417177 
417180 
417183 
417184 
417187 
417190 
417191 
417194 
417197 
417198 
417201 
302515 
417204 
417205 
302517 
417208 
302521 
302522 
417211 
302523 
417212 
302524 
417215 
302528 
302529 
417218 
302530 
417219 
302531 
417222 
302535 
302536 
417225 
302537 
417226 
302538 
417229 
302542 
302543 
417232 
302544 
417233 
302545 
417236 
302549 
302550 
417239 
302551 
417240 
302552 
417243 
302556 
302557 
417246 
302558 
417247 
302559 
417250 
302563 
302564 
417253 
302565 
417254 
302566 
417257 
302570 
302571 
417260 
302572 
417261 
302573 
417264 
302577 
302578 
417267 
302579 
417268 
302580 
417271 
302584 
302585 
417274 
302586 
417275 
302587 
417278 
302591 
302592 
417281 
302593 
417282 
302594 
417285 
302598 
302599 
417288 
302600 
417289 
302601 
417292 
302605 
302606 
417295 
302607 
417296 
302608 
417299 
302612 
302613 
417302 
302614 
417303 
302615 
417306 
302619 
302620 
417309 
302621 
417310 
302622 
417313 
302626 
302627 
417316 
302628 
417317 
302629 
417320 
302633 
302634 
417323 
302635 
417324 
302636 
417327 
302640 
302641 
417330 
302642 
417331 
302643 
417334 
302647 
302648 
417337 
302649 
417338 
302650 
417341 
302654 
302655 
417344 
302656 
417345 
302657 
417348 
302661 
302662 
417351 
302663 
417352 
302664 
417355 
302668 
302669 
417358 
302670 
417359 
302671 
417362 
302675 
302676 
417365 
302677 
417366 
302678 
417369 
302682 
302683 
417372 
302684 
417373 
302685 
417376 
302689 
302690 
417379 
302691 
417380 
302692 
417383 
302696 
302697 
417386 
302698 
417387 
302699 
417390 
302703 
302704 
417393 
302705 
417394 
302706 
417397 
302710 
302711 
417400 
302712 
417401 
302713 
417404 
302717 
302718 
417407 
302719 
417408 
302720 
417411 
302724 
302725 
417414 
302726 
417415 
302727 
417418 
302731 
302732 
417421 
302733 
417422 
302734 
417425 
302738 
302739 
417428 
302740 
417429 
302741 
417432 
302745 
302746 
417435 
302747 
417436 
302748 
417439 
302752 
302753 
417442 
302754 
417443 
302755 
417446 
302759 
302760 
417449 
302761 
417450 
302762 
417453 
302766 
302767 
417456 
302768 
417457 
302769 
417460 
302773 
302774 
417463 
302775 
417464 
302776 
417467 
302780 
302781 
417470 
302782 
417471 
302783 
417474 
302787 
302788 
417477 
302789 
417478 
302790 
417481 
302794 
302795 
417484 
302796 
417485 
302797 
417488 
302801 
302802 
417491 
302803 
417492 
302804 
417495 
302808 
302809 
417498 
302810 
417499 
302811 
417502 
302815 
302816 
417505 
302817 
417506 
302818 
417509 
302822 
302823 
417512 
302824 
417513 
302825 
417516 
302829 
302830 
417519 
302831 
417520 
302832 
417523 
302836 
302837 
417526 
302838 
417527 
302839 
417530 
417533 
417534 
417537 
417540 
417541 
417544 
417547 
417548 
417551 
302872 
302874 
302878 
302879 
417568 
302880 
417569 
302881 
417572 
302885 
417574 
302886 
302887 
302888 
417577 
417579 
302892 
302893 
417582 
302894 
417583 
302895 
417586 
302899 
417588 
302900 
302901 
302902 
417591 
417593 
302906 
302907 
302908 
302909 
302913 
302914 
302915 
302916 
302920 
302921 
302922 
302923 
302927 
302928 
417617 
302929 
302930 
417621 
302934 
302935 
417624 
302936 
417625 
302937 
417628 
302941 
302942 
302943 
417632 
302944 
417635 
302948 
302949 
417638 
302950 
417639 
302951 
417642 
302955 
302956 
302957 
302958 
302962 
302963 
302964 
302965 
302969 
302970 
417659 
302971 
417660 
302972 
417663 
302976 
302977 
417666 
302978 
417667 
302979 
417670 
302983 
302984 
417673 
302985 
417674 
302986 
417677 
302990 
302991 
417680 
302992 
417681 
302993 
417684 
302997 
302998 
417687 
302999 
417688 
303000 
417691 
303004 
303005 
417694 
303006 
417695 
303007 
417698 
303011 
303012 
417701 
303013 
417702 
303014 
417705 
303018 
303019 
417708 
303020 
417709 
303021 
417712 
303025 
303026 
417715 
303027 
417716 
303028 
417719 
303032 
303033 
417722 
303034 
417723 
303035 
417726 
303039 
303040 
417729 
303041 
417730 
303042 
417733 
303046 
303047 
417736 
303048 
417737 
303049 
417740 
303053 
303054 
417743 
303055 
417744 
303056 
417747 
303060 
303061 
417750 
303062 
417751 
303063 
417754 
303067 
303068 
417757 
303069 
417758 
303070 
417761 
303074 
303075 
417764 
303076 
417765 
303077 
417768 
303081 
303082 
417771 
303083 
417772 
303084 
417775 
303088 
303089 
417778 
303090 
417779 
303091 
417782 
303095 
303096 
417785 
303097 
417786 
303098 
417789 
303102 
303103 
417792 
303104 
417793 
303105 
417796 
303109 
303110 
417799 
303111 
417800 
303112 
417803 
303116 
303117 
417806 
303118 
417807 
303119 
417810 
303123 
303124 
417813 
303125 
417814 
303126 
417817 
303130 
303131 
417820 
303132 
417821 
303133 
417824 
303137 
303138 
417827 
303139 
417828 
303140 
417831 
303144 
303145 
417834 
303146 
417835 
303147 
417838 
303151 
303152 
417841 
303153 
417842 
303154 
417845 
303158 
303159 
417848 
303160 
417849 
303161 
417852 
303165 
303166 
417855 
303167 
417856 
303168 
417859 
303172 
303173 
417862 
303174 
417863 
303175 
417866 
303179 
303180 
417869 
303181 
417870 
303182 
417873 
303186 
303187 
417876 
303188 
417877 
303189 
417880 
303193 
303194 
417883 
303195 
417884 
303196 
417887 
417890 
417891 
417894 
417897 
417898 
417901 
417904 
417905 
417908 
303222 
417911 
417912 
303224 
417915 
303227 
303228 
303229 
417918 
303230 
417919 
303233 
417922 
303234 
303235 
303236 
417925 
417926 
303240 
417929 
303241 
303242 
303243 
417932 
417933 
303247 
417936 
303248 
303249 
303250 
417939 
417940 
303254 
417943 
303255 
303256 
303257 
417946 
417947 
303261 
417950 
303262 
303263 
303264 
417953 
417954 
303268 
417957 
303269 
303270 
303271 
417960 
417961 
303275 
417964 
303276 
303277 
303278 
417967 
417968 
303282 
417971 
303283 
303284 
303285 
417974 
417975 
303289 
417978 
303290 
303291 
303292 
417981 
417982 
303296 
417985 
303297 
303298 
303299 
417988 
417989 
303303 
417992 
303304 
303305 
303306 
417995 
417996 
303310 
417999 
303311 
303312 
303313 
418002 
418003 
303317 
418006 
303318 
303319 
303320 
418009 
418010 
303324 
418013 
303325 
303326 
303327 
418016 
418017 
303331 
418020 
303332 
303333 
303334 
418023 
418024 
303338 
418027 
303339 
303340 
303341 
418030 
418031 
303345 
418034 
303346 
303347 
303348 
418037 
418038 
303352 
418041 
303353 
303354 
303355 
418044 
418045 
303359 
418048 
303360 
303361 
303362 
418051 
418052 
303366 
418055 
303367 
303368 
303369 
418058 
418059 
303373 
418062 
303374 
303375 
303376 
418065 
418066 
303380 
418069 
303381 
303382 
303383 
418072 
418073 
303387 
418076 
303388 
303389 
303390 
418079 
418080 
303394 
418083 
303395 
303396 
303397 
418086 
418087 
303401 
418090 
303402 
303403 
303404 
418093 
418094 
303408 
418097 
303409 
303410 
303411 
418100 
418101 
303415 
418104 
303416 
303417 
303418 
418107 
418108 
303422 
418111 
303423 
303424 
303425 
418114 
418115 
303429 
418118 
303430 
303431 
303432 
418121 
418122 
303436 
418125 
303437 
303438 
303439 
418128 
418129 
303443 
418132 
303444 
303445 
303446 
418135 
418136 
303450 
418139 
303451 
303452 
303453 
418142 
418143 
303457 
418146 
303458 
303459 
303460 
418149 
418150 
303464 
418153 
303465 
303466 
303467 
418156 
418157 
303471 
418160 
303472 
303473 
303474 
418163 
418164 
303478 
418167 
303479 
303480 
303481 
418170 
418171 
303485 
418174 
303486 
303487 
303488 
418177 
418178 
303492 
418181 
303493 
303494 
303495 
418184 
418185 
303499 
418188 
303500 
303501 
303502 
418191 
418192 
303506 
418195 
303507 
303508 
303509 
418198 
418199 
303513 
418202 
303514 
303515 
303516 
418205 
418206 
303520 
418209 
303521 
303522 
303523 
418212 
418213 
303527 
418216 
303528 
303529 
303530 
418219 
418220 
303534 
418223 
303535 
303536 
303537 
418226 
418227 
303541 
418230 
303542 
303543 
303544 
418233 
418234 
418237 
418240 
418241 
418244 
418247 
418248 
418251 
303563 
303565 
418254 
418255 
303567 
303568 
303569 
418258 
303570 
418261 
418262 
303574 
303575 
303576 
418265 
303577 
418268 
418269 
303581 
303582 
303583 
418272 
303584 
418275 
418276 
303588 
303589 
303590 
418279 
303591 
418282 
418283 
303595 
303596 
303597 
418286 
303598 
418289 
418290 
303602 
303603 
303604 
418293 
303605 
418296 
418297 
303609 
303610 
303611 
418300 
303612 
418303 
418304 
303616 
303617 
303618 
418307 
303619 
418310 
418311 
303623 
303624 
303625 
418314 
303626 
418317 
418318 
303630 
303631 
303632 
418321 
303633 
418324 
418325 
303637 
303638 
303639 
418328 
303640 
418331 
418332 
303644 
303645 
303646 
418335 
303647 
418338 
418339 
303651 
303652 
303653 
418342 
303654 
418345 
418346 
303658 
303659 
303660 
418349 
303661 
418352 
418353 
303665 
303666 
303667 
418356 
303668 
418359 
418360 
303672 
303673 
303674 
418363 
303675 
418366 
418367 
303679 
303680 
303681 
418370 
303682 
418373 
418374 
303686 
303687 
303688 
418377 
303689 
418380 
418381 
303693 
303694 
303695 
418384 
303696 
418387 
418388 
303700 
303701 
303702 
418391 
303703 
418394 
418395 
303707 
303708 
303709 
418398 
303710 
418401 
418402 
303714 
303715 
303716 
418405 
303717 
418408 
418409 
303721 
303722 
303723 
418412 
303724 
418415 
418416 
303728 
303729 
303730 
418419 
303731 
418422 
418423 
303735 
303736 
303737 
418426 
303738 
418429 
418430 
303742 
303743 
303744 
418433 
303745 
418436 
418437 
303749 
303750 
303751 
418440 
303752 
418443 
418444 
303756 
303757 
303758 
418447 
303759 
418450 
418451 
303763 
303764 
303765 
418454 
303766 
418457 
418458 
303770 
303771 
303772 
418461 
303773 
418464 
418465 
303777 
303778 
303779 
418468 
303780 
418471 
418472 
303784 
303785 
303786 
418475 
303787 
418478 
418479 
303791 
303792 
303793 
418482 
303794 
418485 
418486 
303798 
303799 
303800 
418489 
303801 
418492 
418493 
303805 
303806 
303807 
418496 
303808 
418499 
418500 
303812 
303813 
303814 
418503 
303815 
418506 
418507 
303819 
303820 
303821 
418510 
303822 
418513 
418514 
303826 
303827 
303828 
418517 
303829 
418520 
418521 
303833 
303834 
303835 
418524 
303836 
418527 
418528 
303840 
303841 
303842 
418531 
303843 
418534 
418535 
303847 
303848 
303849 
418538 
303850 
418541 
418542 
303854 
303855 
303856 
418545 
303857 
418548 
418549 
303861 
303862 
303863 
418552 
303864 
418555 
418556 
303868 
303869 
303870 
418559 
303871 
418562 
418563 
303875 
303876 
303877 
418566 
303878 
418569 
418570 
303882 
303883 
303884 
418573 
303885 
418576 
418577 
418580 
418583 
418584 
418587 
303900 
418590 
418591 
303905 
418594 
303906 
418597 
418598 
303911 
303912 
418601 
418604 
418605 
303917 
303918 
418608 
418611 
303923 
418612 
303924 
418615 
303929 
418618 
303930 
418619 
418622 
303935 
303936 
418625 
418626 
418629 
303941 
303942 
418632 
418633 
303947 
418636 
303948 
418639 
418640 
303953 
303954 
418643 
418646 
418647 
303959 
303960 
418650 
418653 
303965 
418654 
303966 
418657 
303971 
418660 
303972 
418661 
418664 
303977 
303978 
418667 
418668 
418671 
303983 
303984 
418674 
418675 
303989 
418678 
303990 
418681 
418682 
303995 
303996 
418685 
418688 
418689 
304001 
304002 
418692 
418695 
304007 
418696 
304008 
418699 
304013 
418702 
304014 
418703 
418706 
304019 
304020 
418709 
418710 
418713 
304025 
304026 
418716 
418717 
304031 
418720 
304032 
418723 
418724 
304037 
304038 
418727 
418730 
418731 
304043 
304044 
418734 
418737 
304049 
418738 
304050 
418741 
304055 
418744 
304056 
418745 
418748 
304061 
304062 
418751 
418752 
418755 
304067 
304068 
418758 
418759 
304073 
418762 
304074 
418765 
418766 
304079 
304080 
418769 
418772 
418773 
304085 
304086 
418776 
418779 
304091 
418780 
304092 
418783 
304097 
418786 
304098 
418787 
418790 
304103 
304104 
418793 
418794 
418797 
304109 
304110 
418800 
418801 
304115 
418804 
304116 
418807 
418808 
304121 
304122 
418811 
418814 
418815 
304127 
304128 
418818 
418821 
304133 
418822 
304134 
418825 
304139 
418828 
304140 
418829 
418832 
304145 
304146 
418835 
418836 
418839 
304151 
304152 
418842 
418843 
304157 
418846 
304158 
418849 
418850 
304163 
304164 
418853 
418856 
418857 
304169 
304170 
418860 
418863 
418864 
418867 
418870 
418871 
418874 
418877 
418878 
418881 
418884 
418885 
418888 
418891 
418892 
418895 
418898 
418899 
418902 
418905 
418906 
418909 
418912 
418913 
418916 
418933 
418934 
418937 
418939 
418942 
418944 
418947 
418948 
418951 
418953 
418956 
418958 
418982 
418986 
418989 
418990 
418993 
418997 
419000 
419003 
419004 
419007 
419024 
419025 
419028 
419031 
419032 
419035 
419038 
419039 
419042 
419045 
419046 
419049 
419052 
419053 
419056 
419059 
419060 
419063 
419066 
419067 
419070 
419073 
419074 
419077 
419080 
419081 
419084 
419087 
419088 
419091 
419094 
419095 
419098 
419101 
419102 
419105 
419108 
419109 
419112 
419115 
419116 
419119 
419122 
419123 
419126 
419129 
419130 
419133 
419136 
419137 
419140 
419143 
419144 
419147 
419150 
419151 
419154 
419157 
419158 
419161 
419164 
419165 
419168 
419171 
419172 
419175 
419178 
419179 
419182 
419185 
419186 
419189 
419192 
419193 
419196 
419199 
419200 
419203 
419206 
419207 
419210 
419213 
419214 
419217 
419220 
419221 
419224 
419227 
419228 
419231 
419234 
419235 
419238 
419241 
419242 
419245 
419248 
419249 
419252 
419255 
419256 
419259 
419262 
419263 
419266 
419269 
419270 
419273 
419276 
419277 
419280 
419283 
419284 
419287 
419290 
419291 
419294 
419297 
419298 
419301 
419304 
419305 
419308 
419311 
419312 
419315 
419318 
419319 
419322 
419325 
419326 
419329 
419332 
419333 
419336 
419339 
419340 
419343 
419346 
419347 
419350 
419353 
419354 
419357 
419360 
419361 
419364 
419367 
419368 
419371 
419374 
419375 
419378 
419381 
419382 
419385 
419388 
419389 
419392 
419395 
419396 
419399 
419402 
419403 
419406 
419409 
419410 
419413 
419416 
419417 
419420 
419423 
419424 
419427 
419430 
419431 
419434 
419437 
419438 
419441 
419444 
419445 
419448 
419451 
419452 
419455 
419458 
419459 
419462 
419465 
419466 
419469 
419472 
419473 
419476 
419479 
419480 
419483 
419486 
419487 
419490 
419493 
419494 
419497 
419500 
419501 
419504 
419507 
419508 
419511 
419514 
419515 
419518 
419521 
419522 
419525 
419528 
419529 
419532 
419535 
419536 
419539 
419542 
419543 
419546 
419549 
419550 
419553 
419556 
419557 
419560 
419563 
419564 
419567 
419570 
419571 
419574 
419577 
419578 
419581 
419584 
419585 
419588 
419591 
419592 
419595 
419598 
419599 
419602 
419605 
419606 
419609 
419612 
419613 
419616 
419619 
419620 
419623 
419626 
419627 
419630 
272175 
419633 
419634 
272178 
272179 
272180 
419637 
419640 
272184 
419641 
272185 
419644 
419647 
419648 
419651 
419654 
419655 
419658 
419661 
419662 
272207 
272208 
419665 
419668 
272212 
419669 
272213 
272214 
272215 
419672 
419675 
272219 
419676 
272220 
419679 
419682 
419683 
419686 
419689 
419690 
272235 
272236 
419693 
419696 
272240 
419697 
272241 
272242 
272243 
419700 
419703 
272247 
419704 
272248 
419707 
419710 
419711 
419714 
419717 
419718 
272263 
272264 
419721 
419724 
272268 
419725 
272269 
272270 
272271 
419728 
419731 
272275 
419732 
272276 
419735 
419738 
419739 
419742 
419745 
419746 
272291 
272292 
419749 
419752 
272296 
419753 
272297 
272298 
272299 
419756 
419759 
272303 
419760 
272304 
419763 
419766 
419767 
419770 
419773 
419774 
419777 
419780 
419781 
419784 
419787 
419788 
272333 
272334 
419791 
419794 
272338 
419795 
272339 
272340 
272341 
419798 
419801 
272345 
419802 
272346 
419805 
419808 
419809 
419812 
419815 
419816 
419819 
419822 
419823 
272368 
272369 
419826 
419829 
272373 
419830 
272374 
272375 
272376 
419833 
419836 
272380 
419837 
272381 
419840 
419843 
419844 
419847 
419850 
419851 
272396 
272397 
419854 
419857 
272401 
419858 
272402 
272403 
272404 
419861 
419864 
272408 
419865 
272409 
419868 
419871 
419872 
419875 
419878 
419879 
272424 
272425 
419882 
419885 
272429 
419886 
272430 
272431 
272432 
419889 
419892 
272436 
419893 
272437 
419896 
419899 
419900 
419903 
419906 
419907 
419910 
419913 
419914 
272459 
272460 
419917 
419920 
272464 
419921 
272465 
272466 
272467 
419924 
419927 
272471 
419928 
272472 
419931 
419934 
419935 
419938 
419941 
419942 
419945 
419948 
419949 
272494 
272495 
419952 
419955 
272499 
419956 
272500 
272501 
272502 
419959 
419962 
272506 
419963 
272507 
419966 
419969 
419970 
419973 
419976 
419977 
419980 
419983 
419984 
419987 
419990 
419991 
419994 
419997 
419998 
420001 
420004 
420005 
420008 
420011 
420012 
420015 
420018 
420019 
420022 
420025 
420026 
420029 
420032 
420033 
420036 
420039 
420040 
420043 
420046 
420047 
420050 
420053 
420054 
420057 
420060 
420061 
420064 
420067 
420068 
420071 
420074 
420075 
420078 
420081 
420082 
420085 
420088 
420089 
420092 
420095 
420096 
420099 
420102 
420103 
420106 
420109 
420110 
420113 
420116 
420117 
420120 
420123 
420124 
420127 
420130 
420131 
420134 
420137 
420138 
420141 
420144 
420145 
420148 
420151 
420152 
420155 
420158 
420159 
420162 
420165 
420166 
420169 
420172 
420173 
420176 
420179 
420180 
420183 
420186 
420187 
420190 
420193 
420194 
420197 
420200 
420201 
420204 
420207 
420208 
420211 
420214 
420215 
420218 
420221 
420222 
420225 
420228 
420229 
420232 
420235 
420236 
420239 
420242 
420243 
420246 
420249 
420250 
420253 
420256 
420257 
420260 
420263 
420264 
420267 
420270 
420271 
420274 
420277 
420278 
420281 
420298 
420299 
420302 
420304 
420307 
420309 
420312 
420313 
420316 
420318 
420321 
420323 
420347 
420351 
420354 
420355 
420358 
420362 
420365 
420368 
420369 
420372 
420388 
420389 
420392 
420395 
420396 
420399 
420402 
420403 
420406 
420408 
420409 
420412 
420428 
420429 
420432 
420435 
420436 
420439 
420441 
420442 
420445 
420448 
420449 
420452 
420455 
420456 
420459 
420462 
420463 
420466 
420469 
420470 
420473 
420476 
420477 
420480 
420483 
420484 
420487 
420490 
420491 
420494 
420497 
420498 
420501 
420504 
420505 
420508 
420511 
420512 
420515 
420518 
420519 
420522 
420525 
420526 
420529 
420532 
420533 
420536 
420539 
420540 
420543 
420546 
420547 
420550 
420553 
420554 
420557 
420560 
420561 
420564 
420567 
420568 
420571 
420574 
420575 
420578 
420581 
420582 
420585 
420588 
420589 
420592 
420595 
420596 
420599 
420602 
420603 
420606 
420609 
420610 
420613 
420616 
420617 
420620 
420623 
420624 
420627 
420630 
420631 
420634 
420637 
420638 
420641 
420644 
420645 
420648 
420651 
420652 
420655 
420658 
420659 
420662 
420665 
420666 
420669 
420672 
420673 
420676 
420679 
420680 
420683 
420686 
420687 
420690 
420693 
420694 
420697 
420700 
420701 
420704 
420707 
420708 
420711 
420714 
420715 
420718 
420721 
420722 
420725 
420728 
420729 
420732 
420735 
420736 
420739 
420742 
420743 
420746 
420749 
420750 
420753 
420756 
420757 
420760 
420763 
420764 
420767 
420770 
420771 
420774 
420777 
420778 
420781 
420784 
420785 
420788 
420791 
420792 
420795 
420798 
420799 
420802 
420805 
420806 
420809 
420812 
420813 
420816 
420819 
420820 
420823 
420826 
420827 
420830 
420833 
420834 
420837 
420840 
420841 
420844 
420847 
420848 
420851 
420854 
420855 
420858 
420861 
420862 
420865 
420868 
420869 
420872 
420875 
420876 
420879 
420882 
420883 
420886 
420889 
420890 
420893 
420896 
420897 
420900 
420903 
420904 
420907 
420910 
420911 
420914 
420917 
420918 
420921 
420924 
420925 
420928 
420931 
420932 
420935 
420938 
420939 
420942 
420945 
420946 
420949 
420952 
420953 
420956 
420959 
420960 
420963 
420966 
420967 
420970 
420973 
420974 
420977 
420980 
420981 
420984 
420987 
420988 
420991 
420994 
420995 
420998 
421001 
421002 
421005 
421008 
421009 
421012 
421015 
421016 
421019 
421022 
421023 
421026 
421029 
421030 
421033 
421036 
421037 
421040 
421043 
421044 
421047 
421050 
421051 
421054 
421057 
421058 
421061 
421064 
421065 
421068 
421071 
421072 
421075 
421078 
421079 
421082 
421085 
421086 
421089 
421092 
421093 
421096 
421099 
421100 
421103 
421106 
421107 
421110 
421113 
421114 
421117 
421120 
421121 
421124 
421127 
421128 
421131 
421134 
421135 
421138 
421141 
421142 
421145 
421148 
421149 
421152 
421155 
421156 
421159 
421162 
421163 
421166 
421169 
421170 
421173 
421176 
421177 
421180 
421183 
421184 
421187 
421190 
421191 
421194 
421197 
421198 
421201 
421204 
421205 
421208 
421211 
421212 
421215 
421218 
421219 
421222 
421225 
421226 
421229 
421232 
421233 
421236 
421239 
421240 
421243 
421246 
421247 
421250 
421253 
421254 
421257 
421260 
421261 
421264 
421267 
421268 
421271 
421274 
421275 
421278 
421281 
421282 
421285 
421288 
421289 
421292 
421295 
421296 
421299 
421302 
421303 
421306 
421309 
421310 
421313 
421316 
421317 
421320 
421323 
421324 
421327 
421330 
421331 
421334 
421337 
421338 
421341 
421344 
421345 
421348 
421351 
421352 
421355 
421358 
421359 
421362 
421365 
421366 
421369 
421372 
421373 
421376 
421379 
421380 
421383 
421386 
421387 
421390 
421393 
421394 
421397 
421400 
421401 
421404 
421407 
421408 
421411 
421414 
421415 
421418 
421421 
421422 
421425 
421428 
421429 
421432 
421435 
421436 
421439 
421442 
421443 
421446 
421449 
421450 
421453 
421456 
421457 
421460 
421463 
421464 
421467 
421470 
421471 
421474 
421477 
421478 
421481 
421484 
421485 
421488 
421491 
421492 
421495 
421498 
421499 
421502 
421505 
421506 
421509 
421512 
421513 
421516 
421519 
421520 
421523 
421526 
421527 
421530 
421533 
421534 
421537 
421540 
421541 
421544 
421547 
421548 
421551 
421554 
421555 
421558 
421561 
421562 
421565 
421568 
421569 
421572 
421575 
421576 
421579 
421582 
421583 
421586 
421589 
421590 
421593 
421596 
421597 
421600 
421603 
421604 
421607 
421610 
421611 
421614 
421617 
421618 
421621 
421624 
421625 
421628 
421631 
421632 
421635 
421638 
421639 
421642 
421645 
421646 
421649 
421652 
421653 
421656 
421676 
421677 
421680 
421682 
421685 
421687 
421690 
421691 
421693 
421695 
421698 
421699 
421723 
421727 
421730 
421731 
421734 
421738 
421741 
421744 
421745 
421748 
421768 
421769 
421772 
421774 
421775 
421778 
421781 
421782 
421785 
421788 
421789 
421792 
421815 
421816 
421819 
421822 
421823 
421826 
421829 
421830 
421833 
421836 
421837 
421840 
421857 
421858 
421861 
421864 
421865 
421868 
421871 
421872 
421875 
421878 
421879 
421882 
421899 
421900 
421903 
421906 
421907 
421910 
421913 
421914 
421917 
421920 
421921 
421924 
421941 
421942 
421945 
421948 
421949 
421952 
421955 
421956 
421959 
421962 
421963 
421966 
421983 
421984 
421987 
421990 
421991 
421994 
421997 
421998 
422001 
422004 
422005 
422008 
422025 
422026 
422029 
422032 
422033 
422036 
422039 
422040 
422043 
422046 
422047 
422050 
422067 
422068 
422071 
422074 
422075 
422078 
422081 
422082 
422085 
422088 
422089 
422092 
422109 
422110 
422113 
422116 
422117 
405734 
422120 
422123 
422124 
422127 
422130 
422131 
422134 
422151 
422152 
405770 
422155 
422158 
422159 
422162 
422165 
422166 
422169 
422172 
422173 
422176 
405798 
405805 
422193 
422194 
422197 
422200 
422201 
422204 
422207 
422208 
422211 
422214 
422215 
405833 
422218 
405840 
422235 
422236 
422239 
422242 
422243 
422246 
422249 
422250 
405868 
422253 
422256 
422257 
405875 
422260 
422277 
422278 
422281 
422284 
422285 
405903 
422288 
422291 
422292 
405910 
422295 
422298 
422299 
422302 
422319 
422320 
405938 
422323 
422326 
422327 
405945 
422330 
422333 
422334 
422337 
422340 
422341 
422344 
405973 
422361 
422362 
405980 
422365 
422368 
422369 
422372 
422375 
422376 
422379 
422382 
422383 
422386 
406008 
406015 
422403 
422404 
422407 
422410 
422411 
422414 
422417 
422418 
422421 
422424 
422425 
406043 
422428 
406050 
422445 
422446 
422449 
422452 
422453 
422456 
422459 
422460 
406078 
422463 
422466 
422467 
406085 
422470 
422487 
422488 
422491 
422494 
422495 
406113 
422498 
422501 
422502 
406120 
422505 
422508 
422509 
422512 
422529 
422530 
406148 
422533 
422536 
422537 
406155 
422540 
422543 
422544 
422547 
422550 
422551 
422554 
406183 
422571 
422572 
406190 
422575 
422578 
422579 
422582 
422585 
422586 
422589 
422592 
422593 
422596 
406218 
406225 
422613 
422614 
422617 
422620 
422621 
422624 
422627 
422628 
422631 
422634 
422635 
406253 
422638 
406260 
422655 
422656 
422659 
422662 
422663 
422666 
422669 
422670 
406288 
422673 
422676 
422677 
406295 
422680 
422697 
422698 
422701 
422704 
422705 
406323 
422708 
422711 
422712 
406330 
422715 
422718 
422719 
422722 
422739 
422740 
406358 
422743 
422746 
422747 
406365 
422750 
422753 
422754 
488293 
422757 
488296 
422760 
422761 
422764 
488304 
488305 
488309 
488310 
406393 
422781 
488318 
422782 
488320 
406400 
422785 
488323 
488324 
422788 
422789 
422792 
422795 
488332 
422796 
488333 
422799 
488337 
488338 
422802 
422803 
422806 
406428 
406435 
422823 
422824 
422827 
422830 
422831 
422834 
422837 
422838 
422841 
422844 
422845 
406463 
422848 
406470 
422865 
422866 
422869 
422872 
488409 
422873 
488411 
422876 
488414 
488415 
422879 
422880 
406498 
422883 
422886 
488423 
422887 
488424 
406505 
422890 
488428 
488429 
488437 
488439 
488442 
488443 
422907 
422908 
422911 
422914 
488451 
422915 
488452 
406533 
422918 
488456 
488457 
422921 
422922 
406540 
422925 
422928 
422929 
422932 
422949 
422950 
406568 
422953 
422956 
422957 
406575 
422960 
422963 
422964 
422967 
422970 
422971 
422974 
488521 
488523 
406603 
488526 
488527 
422991 
422992 
406610 
422995 
422998 
488535 
422999 
488536 
423002 
488540 
488541 
423005 
423006 
423009 
423012 
488549 
423013 
488551 
423016 
488554 
488555 
406638 
488563 
488564 
406645 
488568 
488569 
423033 
423034 
423037 
423040 
423041 
423044 
423047 
423048 
423051 
423054 
423055 
406673 
423058 
406680 
423075 
423076 
423079 
423082 
423083 
423086 
423089 
423090 
406708 
423093 
423096 
488633 
423097 
488635 
406715 
423100 
488638 
488639 
488647 
488648 
488652 
488653 
423117 
423118 
423121 
423124 
488661 
423125 
488663 
406743 
423128 
488666 
488667 
423131 
423132 
406750 
423135 
423138 
488675 
423139 
488676 
423142 
488680 
488681 
423159 
423160 
406778 
423163 
423166 
423167 
406785 
423170 
423173 
423174 
423177 
423180 
423181 
423184 
406813 
423201 
423202 
406820 
423205 
423208 
488745 
423209 
488747 
423212 
488750 
488751 
423215 
423216 
423219 
423222 
488759 
423223 
488760 
423226 
488764 
488765 
406848 
488773 
488775 
406855 
488778 
488779 
423243 
423244 
423247 
423250 
488787 
423251 
488788 
423254 
488792 
488793 
423257 
423258 
423261 
423264 
423265 
406883 
423268 
406890 
423285 
423286 
423289 
423292 
423293 
423296 
423299 
423300 
406918 
423303 
423306 
423307 
406925 
423310 
423327 
423328 
423331 
423334 
488871 
423335 
488873 
406953 
423338 
488876 
488877 
423341 
423342 
406960 
423345 
423348 
488885 
423349 
488886 
423352 
488890 
488891 
488899 
488901 
488904 
488905 
423369 
423370 
406988 
423373 
423376 
488913 
423377 
488914 
406995 
423380 
488918 
488919 
423383 
423384 
423387 
423390 
423391 
423394 
407023 
423411 
423412 
407030 
423415 
423418 
423419 
423422 
423425 
423426 
423429 
423432 
423433 
423436 
407058 
488983 
488985 
407065 
488988 
488989 
423453 
423454 
423457 
423460 
488997 
423461 
488998 
423464 
489002 
489003 
423467 
423468 
423471 
423474 
489011 
423475 
489013 
407093 
423478 
489016 
489017 
407100 
489025 
489026 
489030 
489031 
423495 
423496 
423499 
423502 
423503 
423506 
423509 
423510 
407128 
423513 
423516 
423517 
407135 
423520 
423537 
423538 
423541 
423544 
423545 
407163 
423548 
423551 
423552 
407170 
423555 
423558 
489095 
423559 
489097 
423562 
489100 
489101 
489109 
489110 
489114 
489115 
423579 
423580 
407198 
423583 
423586 
489123 
423587 
489125 
407205 
423590 
489128 
489129 
423593 
423594 
423597 
423600 
489137 
423601 
489138 
423604 
489142 
489143 
407233 
423621 
423622 
407240 
423625 
423628 
423629 
423632 
423635 
423636 
423639 
423642 
423643 
423646 
407268 
407275 
423668 
423669 
489207 
423671 
489209 
423673 
489212 
423676 
489213 
423677 
423680 
423681 
423684 
489221 
489222 
423686 
407303 
423689 
489226 
489227 
423691 
407310 
489235 
489237 
489240 
489241 
489249 
489250 
423715 
489254 
489255 
423719 
423720 
423721 
407338 
407346 
423745 
423746 
423748 
423749 
423751 
407378 
407382 
407384 
407385 
407388 
407392 
407395 
407398 
489319 
407399 
489321 
423785 
423786 
407402 
489324 
423788 
489325 
423790 
423791 
423793 
489333 
489334 
489338 
489339 
407419 
407421 
407423 
407424 
407426 
489347 
489349 
407429 
407430 
489352 
489353 
407433 
407436 
407437 
407440 
489361 
489362 
423827 
423828 
489366 
423830 
489367 
423832 
423833 
423835 
407460 
407461 
407463 
407465 
407466 
407468 
407471 
407472 
407475 
407478 
407479 
407482 
423869 
423870 
423872 
423874 
423875 
423877 
407502 
407503 
407505 
407507 
407508 
407510 
489431 
489433 
407513 
407514 
489436 
489437 
407517 
407520 
407521 
407524 
489445 
489446 
423911 
423912 
489450 
423914 
489451 
423916 
423917 
423919 
489459 
489461 
489464 
407544 
489465 
407545 
407547 
407549 
407550 
407552 
489473 
489474 
407555 
407556 
489478 
489479 
407559 
407562 
407563 
407566 
423953 
423954 
423956 
423958 
423959 
423961 
407586 
407587 
407589 
407591 
407592 
407594 
407597 
407598 
407601 
407604 
407605 
407608 
423995 
423996 
423998 
424000 
424001 
424003 
407628 
407629 
407631 
407633 
407634 
407636 
407639 
407640 
407643 
407646 
407647 
407650 
424037 
424038 
424040 
424042 
424043 
424045 
407670 
407671 
407673 
407675 
407676 
407678 
407681 
407682 
407685 
407688 
407689 
407692 
424079 
424080 
424082 
424084 
424085 
424087 
407712 
407713 
407715 
407717 
407718 
407720 
407723 
407724 
407727 
407730 
407731 
407734 
424121 
424122 
424124 
424126 
424127 
424129 
407754 
407755 
407757 
407759 
407760 
407762 
407765 
407766 
407769 
407772 
407773 
407776 
424163 
424164 
424166 
424168 
424169 
424171 
407796 
407797 
407799 
407801 
407802 
407804 
407807 
407808 
407811 
407814 
407815 
407818 
424205 
424206 
424208 
424210 
424211 
424213 
407838 
407839 
407841 
407843 
407844 
407846 
407849 
407850 
407853 
407856 
407857 
407860 
424247 
424248 
424250 
424252 
424253 
424255 
407880 
407881 
407883 
407885 
407886 
407888 
407891 
407892 
407895 
407898 
407899 
407902 
424289 
424290 
424292 
424294 
424295 
424297 
407922 
407923 
407925 
407927 
407928 
407930 
407933 
407934 
407937 
407940 
407941 
407944 
424331 
424332 
424334 
424336 
424337 
424339 
407964 
407965 
407967 
407969 
407970 
407972 
407975 
407976 
407979 
407982 
407983 
407986 
424373 
424374 
424376 
424378 
424379 
424381 
408006 
408007 
408009 
408011 
408012 
408014 
408017 
408018 
408021 
408024 
408025 
408028 
309725 
424415 
309727 
424416 
424418 
309730 
309731 
424420 
424421 
309734 
424423 
408048 
408049 
408051 
408053 
408054 
408056 
408059 
408060 
309758 
408063 
309759 
408066 
309762 
408067 
309765 
408070 
309766 
424457 
309769 
424458 
424460 
424462 
424463 
424465 
408090 
408091 
408093 
408095 
408096 
309793 
408098 
309794 
408101 
309797 
408102 
309800 
408105 
309801 
408108 
309804 
408109 
408112 
424499 
424500 
424502 
424504 
424505 
424507 
408132 
309828 
408133 
309829 
408135 
309832 
408137 
408138 
309835 
408140 
309836 
408143 
309839 
408144 
408147 
408150 
408151 
408154 
424541 
424542 
424544 
424546 
424547 
424549 
309863 
309864 
309867 
408174 
309870 
408175 
309871 
408177 
309874 
408179 
408180 
408182 
408185 
408186 
408189 
408192 
408193 
408196 
424583 
424584 
424586 
424588 
424589 
424591 
309905 
309906 
309909 
408216 
309912 
408217 
309913 
408219 
309916 
408221 
408222 
408224 
408227 
408228 
408231 
408234 
408235 
408238 
424625 
424626 
424628 
424630 
424631 
424633 
309947 
309948 
309951 
408258 
309954 
408259 
309955 
408261 
309958 
408263 
408264 
408266 
408269 
408270 
408273 
408276 
408277 
408280 
424667 
424668 
424670 
309982 
309983 
424672 
424673 
309986 
424675 
309989 
309990 
309993 
408300 
408301 
408303 
408305 
408306 
408308 
408311 
408312 
408315 
408318 
408319 
310017 
408322 
310018 
424709 
310021 
424710 
424712 
310024 
310025 
424714 
424715 
310028 
424717 
408342 
408343 
408345 
408347 
408348 
408350 
408353 
408354 
310052 
408357 
310053 
408360 
310056 
408361 
310059 
408364 
310060 
424751 
310063 
424752 
424754 
424756 
424757 
424759 
408384 
408385 
408387 
408389 
408390 
408392 
408395 
310091 
408396 
310092 
408399 
310095 
408402 
310098 
408403 
310099 
408406 
310102 
424793 
424794 
424796 
310108 
310109 
424798 
424799 
424801 
408426 
408427 
408429 
408431 
408432 
408434 
408437 
408438 
408441 
408444 
408445 
408448 
424835 
424836 
424838 
424840 
424841 
424843 
408468 
408469 
408471 
408473 
408474 
408476 
408479 
408480 
408483 
408486 
408487 
408490 
424877 
424878 
424880 
424882 
424883 
424885 
408510 
408511 
408513 
408515 
408516 
408518 
408521 
408522 
408525 
408528 
408529 
408532 
424919 
424920 
424922 
424924 
424925 
424927 
408552 
408553 
408555 
408557 
408558 
408560 
408563 
408564 
408567 
408570 
408571 
408574 
424961 
424962 
424964 
424966 
424967 
424969 
408594 
408595 
408597 
408599 
408600 
408602 
408605 
408606 
408609 
408612 
408613 
408616 
425003 
425004 
425006 
425008 
425009 
425011 
408636 
408637 
408639 
408641 
408642 
408644 
408647 
408648 
408651 
408654 
408655 
408658 
425045 
425046 
425048 
425050 
425051 
425053 
408678 
408679 
408681 
408683 
408684 
408686 
408689 
408690 
408693 
408696 
408697 
408700 
425087 
425088 
425090 
425092 
425093 
425095 
408720 
408721 
408723 
408725 
408726 
408728 
408731 
408732 
408735 
408738 
408739 
408742 
425129 
425130 
425132 
425134 
425135 
425137 
408762 
408763 
408765 
408767 
408768 
408770 
408773 
408774 
408777 
408780 
408781 
408784 
425171 
425172 
425174 
425176 
425177 
425179 
408804 
408805 
408807 
408809 
408810 
408812 
408815 
408816 
408819 
408822 
408823 
408826 
425213 
425214 
425216 
425218 
425219 
425221 
408846 
408847 
408849 
408851 
408852 
408854 
408857 
408858 
408861 
408864 
408865 
408868 
425255 
425256 
425258 
425260 
425261 
425263 
408888 
408889 
408891 
408893 
408894 
408896 
408899 
408900 
408903 
408906 
408907 
408910 
425297 
425298 
425300 
425302 
425303 
425305 
408930 
408931 
408933 
408935 
408936 
408938 
408941 
408942 
408945 
408948 
408949 
408952 
425339 
425340 
425342 
425344 
425345 
425347 
408972 
408973 
408975 
408977 
408978 
408980 
408983 
408984 
408987 
408990 
408991 
408994 
425381 
425382 
425384 
425386 
425387 
425389 
409014 
409015 
409017 
409019 
409020 
409022 
409025 
409026 
409029 
409032 
409033 
409036 
425423 
425424 
425426 
425428 
425429 
425431 
409056 
409057 
409059 
409061 
409062 
409064 
409067 
409068 
409071 
409074 
409075 
409078 
425465 
425466 
425468 
425470 
425471 
425473 
409098 
409099 
409101 
409103 
409104 
409106 
409109 
409110 
409113 
409116 
409117 
409120 
425507 
425508 
425510 
425512 
425513 
425515 
409140 
409141 
409143 
409145 
409146 
409148 
409151 
409152 
409155 
409158 
409159 
409162 
425549 
425550 
425552 
425554 
425555 
425557 
409182 
409183 
409185 
409187 
409188 
409190 
409193 
409194 
409197 
409200 
409201 
409204 
425591 
425592 
425594 
425596 
425597 
425599 
409224 
409225 
409227 
409229 
409230 
409232 
409235 
409236 
409239 
409242 
409243 
409246 
425633 
425634 
425636 
425637 
425640 
425641 
409266 
409267 
409269 
409271 
409272 
409274 
409277 
409278 
409281 
409284 
409285 
409288 
409308 
409309 
409311 
409312 
409315 
409316 
409319 
409320 
409323 
409325 
409328 
409330 
409375 
409379 
409382 
409383 
409386 
409390 
409393 
409396 
409397 
409400 
409412 
409413 
409416 
409418 
409419 
409421 
409424 
409425 
409428 
409431 
409432 
409434 
409448 
409449 
409451 
409454 
409455 
409458 
409461 
409462 
409464 
409467 
409468 
409471 
409474 
409475 
409478 
409481 
409482 
409485 
409488 
409489 
409492 
409495 
409496 
409499 
409502 
409503 
409506 
409509 
409510 
409513 
409516 
409517 
409520 
409523 
409524 
409527 
409530 
409531 
409534 
409537 
409538 
409541 
409544 
409545 
409548 
409551 
409552 
409555 
409558 
409559 
409562 
409565 
409566 
409569 
409572 
409573 
409576 
409579 
409580 
409583 
409586 
409587 
409590 
409593 
409594 
409597 
)

// ************************************************************************* //
