/*--------------------------------*- C++ -*----------------------------------*\
  =========                 |
  \\      /  F ield         | OpenFOAM: The Open Source CFD Toolbox
   \\    /   O peration     | Website:  https://openfoam.org
    \\  /    A nd           | Version:  dev
     \\/     M anipulation  |
\*---------------------------------------------------------------------------*/
FoamFile
{
    format      binary;
    class       cellSet;
    location    "constant/polyMesh/sets";
    object      porousBlockage_roof;
}
// * * * * * * * * * * * * * * * * * * * * * * * * * * * * * * * * * * * * * //


9214
(
263231 
263243 
263245 
263257 
263259 
263271 
263273 
263285 
263287 
263306 
263308 
263327 
263329 
263341 
263343 
263355 
263357 
263376 
263378 
263389 
263391 
299745 
299751 
299752 
299758 
299759 
299765 
299766 
299772 
299773 
299779 
299780 
299786 
299787 
299793 
299794 
299800 
299801 
299807 
299808 
299814 
299815 
299821 
299822 
299828 
299829 
299835 
299836 
299842 
299843 
299849 
299850 
299856 
299857 
299863 
299864 
299870 
299871 
299877 
299878 
299884 
299885 
299891 
299892 
299898 
299899 
299905 
299906 
299912 
299913 
299919 
299920 
299926 
299927 
299933 
299934 
299940 
299941 
299947 
299948 
299954 
299955 
299961 
299962 
299968 
299969 
299975 
299976 
299982 
299983 
299989 
299990 
299996 
299997 
300003 
300004 
300010 
300011 
300017 
300018 
300024 
300025 
300031 
300032 
300038 
300039 
300045 
300046 
300052 
300053 
300059 
300060 
300079 
300081 
300082 
300083 
300086 
300087 
300088 
300089 
300092 
300093 
300094 
300095 
300098 
300099 
300100 
300101 
300104 
300105 
300106 
300107 
300110 
300111 
300112 
300113 
300116 
300117 
300118 
300119 
300122 
300123 
300124 
300125 
300128 
300129 
300130 
300131 
300134 
300135 
300136 
300137 
300140 
300141 
300142 
300143 
300146 
300147 
300148 
300149 
300152 
300153 
300154 
300155 
300158 
300159 
300160 
300161 
300164 
300165 
300166 
300167 
300170 
300171 
300172 
300173 
300176 
300177 
300178 
300179 
300182 
300183 
300184 
300185 
300188 
300189 
300190 
300191 
300194 
300195 
300196 
300197 
300200 
300201 
300202 
300203 
300206 
300207 
300208 
300209 
300212 
300213 
300214 
300215 
300218 
300219 
300220 
300221 
300224 
300225 
300226 
300227 
300230 
300231 
300232 
300233 
300236 
300237 
300238 
300239 
300242 
300243 
300244 
300245 
300248 
300249 
300250 
300251 
300254 
300255 
300256 
300257 
300260 
300261 
300262 
300263 
300266 
300267 
300268 
300269 
300272 
300273 
300274 
300275 
300278 
300279 
300280 
300281 
300284 
300285 
300286 
300287 
300290 
300291 
300292 
300293 
300296 
300297 
300298 
300299 
300302 
300303 
300304 
300305 
300308 
300309 
300310 
300311 
300314 
300315 
300316 
300317 
300320 
300321 
300322 
300323 
300326 
300327 
300328 
300329 
300332 
300333 
300334 
300335 
300338 
300339 
300340 
300341 
300344 
300345 
300346 
300347 
300350 
300351 
300352 
300353 
300374 
300376 
300379 
300380 
300381 
300382 
300386 
300387 
300388 
300389 
300393 
300394 
300395 
300396 
300400 
300401 
300402 
300403 
300407 
300408 
300409 
300410 
300414 
300415 
300416 
300417 
300421 
300422 
300423 
300424 
300428 
300429 
300430 
300431 
300435 
300436 
300437 
300438 
300442 
300443 
300444 
300445 
300449 
300450 
300451 
300452 
300456 
300457 
300458 
300459 
300463 
300464 
300465 
300466 
300470 
300471 
300472 
300473 
300477 
300478 
300479 
300480 
300484 
300485 
300486 
300487 
300491 
300492 
300493 
300494 
300498 
300499 
300500 
300501 
300505 
300506 
300507 
300508 
300512 
300513 
300514 
300515 
300519 
300520 
300521 
300522 
300526 
300527 
300528 
300529 
300533 
300534 
300535 
300536 
300540 
300541 
300542 
300543 
300547 
300548 
300549 
300550 
300554 
300555 
300556 
300557 
300561 
300562 
300563 
300564 
300568 
300569 
300570 
300571 
300575 
300576 
300577 
300578 
300582 
300583 
300584 
300585 
300589 
300590 
300591 
300592 
300596 
300597 
300598 
300599 
300603 
300604 
300605 
300606 
300610 
300611 
300612 
300613 
300617 
300618 
300619 
300620 
300624 
300625 
300626 
300627 
300631 
300632 
300633 
300634 
300638 
300639 
300640 
300641 
300645 
300646 
300647 
300648 
300652 
300653 
300654 
300655 
300659 
300660 
300661 
300662 
300666 
300667 
300668 
300669 
300673 
300674 
300675 
300676 
300680 
300681 
300682 
300683 
300687 
300688 
300689 
300690 
300694 
300695 
300696 
300697 
300737 
300739 
300743 
300744 
300745 
300746 
300750 
300751 
300752 
300753 
300757 
300758 
300759 
300760 
300764 
300765 
300766 
300767 
300771 
300772 
300773 
300774 
300778 
300779 
300780 
300781 
300785 
300786 
300787 
300788 
300792 
300793 
300794 
300795 
300799 
300800 
300801 
300802 
300806 
300807 
300808 
300809 
300813 
300814 
300815 
300816 
300820 
300821 
300822 
300823 
300827 
300828 
300829 
300830 
300834 
300835 
300836 
300837 
300841 
300842 
300843 
300844 
300848 
300849 
300850 
300851 
300855 
300856 
300857 
300858 
300862 
300863 
300864 
300865 
300869 
300870 
300871 
300872 
300876 
300877 
300878 
300879 
300883 
300884 
300885 
300886 
300890 
300891 
300892 
300893 
300897 
300898 
300899 
300900 
300904 
300905 
300906 
300907 
300911 
300912 
300913 
300914 
300918 
300919 
300920 
300921 
300925 
300926 
300927 
300928 
300932 
300933 
300934 
300935 
300939 
300940 
300941 
300942 
300946 
300947 
300948 
300949 
300953 
300954 
300955 
300956 
300960 
300961 
300962 
300963 
300967 
300968 
300969 
300970 
300974 
300975 
300976 
300977 
300981 
300982 
300983 
300984 
300988 
300989 
300990 
300991 
300995 
300996 
300997 
300998 
301002 
301003 
301004 
301005 
301009 
301010 
301011 
301012 
301016 
301017 
301018 
301019 
301023 
301024 
301025 
301026 
301030 
301031 
301032 
301033 
301037 
301038 
301039 
301040 
301044 
301045 
301046 
301047 
301051 
301052 
301053 
301054 
301058 
301059 
301060 
301061 
301094 
301096 
301100 
301101 
301102 
301103 
301107 
301108 
301109 
301110 
301114 
301115 
301116 
301117 
301121 
301122 
301123 
301124 
301128 
301129 
301130 
301131 
301135 
301136 
301137 
301138 
301142 
301143 
301144 
301145 
301149 
301150 
301151 
301152 
301156 
301157 
301158 
301159 
301163 
301164 
301165 
301166 
301170 
301171 
301172 
301173 
301177 
301178 
301179 
301180 
301184 
301185 
301186 
301187 
301191 
301192 
301193 
301194 
301198 
301199 
301200 
301201 
301205 
301206 
301207 
301208 
301212 
301213 
301214 
301215 
301219 
301220 
301221 
301222 
301226 
301227 
301228 
301229 
301233 
301234 
301235 
301236 
301240 
301241 
301242 
301243 
301247 
301248 
301249 
301250 
301254 
301255 
301256 
301257 
301261 
301262 
301263 
301264 
301268 
301269 
301270 
301271 
301275 
301276 
301277 
301278 
301282 
301283 
301284 
301285 
301289 
301290 
301291 
301292 
301296 
301297 
301298 
301299 
301303 
301304 
301305 
301306 
301310 
301311 
301312 
301313 
301317 
301318 
301319 
301320 
301324 
301325 
301326 
301327 
301331 
301332 
301333 
301334 
301338 
301339 
301340 
301341 
301345 
301346 
301347 
301348 
301352 
301353 
301354 
301355 
301359 
301360 
301361 
301362 
301366 
301367 
301368 
301369 
301373 
301374 
301375 
301376 
301380 
301381 
301382 
301383 
301387 
301388 
301389 
301390 
301394 
301395 
301396 
301397 
301401 
301402 
301403 
301404 
301408 
301409 
301410 
301411 
301415 
301416 
301417 
301418 
301451 
301453 
301457 
301458 
301459 
301460 
301464 
301465 
301466 
301467 
301471 
301472 
301473 
301474 
301478 
301479 
301480 
301481 
301485 
301486 
301487 
301488 
301492 
301493 
301494 
301495 
301499 
301500 
301501 
301502 
301506 
301507 
301508 
301509 
301513 
301514 
301515 
301516 
301520 
301521 
301522 
301523 
301527 
301528 
301529 
301530 
301534 
301535 
301536 
301537 
301541 
301542 
301543 
301544 
301548 
301549 
301550 
301551 
301555 
301556 
301557 
301558 
301562 
301563 
301564 
301565 
301569 
301570 
301571 
301572 
301576 
301577 
301578 
301579 
301583 
301584 
301585 
301586 
301590 
301591 
301592 
301593 
301597 
301598 
301599 
301600 
301604 
301605 
301606 
301607 
301611 
301612 
301613 
301614 
301618 
301619 
301620 
301621 
301625 
301626 
301627 
301628 
301632 
301633 
301634 
301635 
301639 
301640 
301641 
301642 
301646 
301647 
301648 
301649 
301653 
301654 
301655 
301656 
301660 
301661 
301662 
301663 
301667 
301668 
301669 
301670 
301674 
301675 
301676 
301677 
301681 
301682 
301683 
301684 
301688 
301689 
301690 
301691 
301695 
301696 
301697 
301698 
301702 
301703 
301704 
301705 
301709 
301710 
301711 
301712 
301716 
301717 
301718 
301719 
301723 
301724 
301725 
301726 
301730 
301731 
301732 
301733 
301737 
301738 
301739 
301740 
301744 
301745 
301746 
301747 
301751 
301752 
301753 
301754 
301758 
301759 
301760 
301761 
301765 
301766 
301767 
301768 
301772 
301773 
301774 
301775 
301808 
301810 
301814 
301815 
301816 
301817 
301821 
301822 
301823 
301824 
301828 
301829 
301830 
301831 
301835 
301836 
301837 
301838 
301842 
301843 
301844 
301845 
301849 
301850 
301851 
301852 
301856 
301857 
301858 
301859 
301863 
301864 
301865 
301866 
301870 
301871 
301872 
301873 
301877 
301878 
301879 
301880 
301884 
301885 
301886 
301887 
301891 
301892 
301893 
301894 
301898 
301899 
301900 
301901 
301905 
301906 
301907 
301908 
301912 
301913 
301914 
301915 
301919 
301920 
301921 
301922 
301926 
301927 
301928 
301929 
301933 
301934 
301935 
301936 
301940 
301941 
301942 
301943 
301947 
301948 
301949 
301950 
301954 
301955 
301956 
301957 
301961 
301962 
301963 
301964 
301968 
301969 
301970 
301971 
301975 
301976 
301977 
301978 
301982 
301983 
301984 
301985 
301989 
301990 
301991 
301992 
301996 
301997 
301998 
301999 
302003 
302004 
302005 
302006 
302010 
302011 
302012 
302013 
302017 
302018 
302019 
302020 
302024 
302025 
302026 
302027 
302031 
302032 
302033 
302034 
302038 
302039 
302040 
302041 
302045 
302046 
302047 
302048 
302052 
302053 
302054 
302055 
302059 
302060 
302061 
302062 
302066 
302067 
302068 
302069 
302073 
302074 
302075 
302076 
302080 
302081 
302082 
302083 
302087 
302088 
302089 
302090 
302094 
302095 
302096 
302097 
302101 
302102 
302103 
302104 
302108 
302109 
302110 
302111 
302115 
302116 
302117 
302118 
302122 
302123 
302124 
302125 
302129 
302130 
302131 
302132 
302158 
302160 
302164 
302165 
302166 
302167 
302171 
302172 
302173 
302174 
302178 
302179 
302180 
302181 
302185 
302186 
302187 
302188 
302192 
302193 
302194 
302195 
302199 
302200 
302201 
302202 
302206 
302207 
302208 
302209 
302213 
302214 
302215 
302216 
302220 
302221 
302222 
302223 
302227 
302228 
302229 
302230 
302234 
302235 
302236 
302237 
302241 
302242 
302243 
302244 
302248 
302249 
302250 
302251 
302255 
302256 
302257 
302258 
302262 
302263 
302264 
302265 
302269 
302270 
302271 
302272 
302276 
302277 
302278 
302279 
302283 
302284 
302285 
302286 
302290 
302291 
302292 
302293 
302297 
302298 
302299 
302300 
302304 
302305 
302306 
302307 
302311 
302312 
302313 
302314 
302318 
302319 
302320 
302321 
302325 
302326 
302327 
302328 
302332 
302333 
302334 
302335 
302339 
302340 
302341 
302342 
302346 
302347 
302348 
302349 
302353 
302354 
302355 
302356 
302360 
302361 
302362 
302363 
302367 
302368 
302369 
302370 
302374 
302375 
302376 
302377 
302381 
302382 
302383 
302384 
302388 
302389 
302390 
302391 
302395 
302396 
302397 
302398 
302402 
302403 
302404 
302405 
302409 
302410 
302411 
302412 
302416 
302417 
302418 
302419 
302423 
302424 
302425 
302426 
302430 
302431 
302432 
302433 
302437 
302438 
302439 
302440 
302444 
302445 
302446 
302447 
302451 
302452 
302453 
302454 
302458 
302459 
302460 
302461 
302465 
302466 
302467 
302468 
302472 
302473 
302474 
302475 
302479 
302480 
302481 
302482 
302515 
302517 
302521 
302522 
302523 
302524 
302528 
302529 
302530 
302531 
302535 
302536 
302537 
302538 
302542 
302543 
302544 
302545 
302549 
302550 
302551 
302552 
302556 
302557 
302558 
302559 
302563 
302564 
302565 
302566 
302570 
302571 
302572 
302573 
302577 
302578 
302579 
302580 
302584 
302585 
302586 
302587 
302591 
302592 
302593 
302594 
302598 
302599 
302600 
302601 
302605 
302606 
302607 
302608 
302612 
302613 
302614 
302615 
302619 
302620 
302621 
302622 
302626 
302627 
302628 
302629 
302633 
302634 
302635 
302636 
302640 
302641 
302642 
302643 
302647 
302648 
302649 
302650 
302654 
302655 
302656 
302657 
302661 
302662 
302663 
302664 
302668 
302669 
302670 
302671 
302675 
302676 
302677 
302678 
302682 
302683 
302684 
302685 
302689 
302690 
302691 
302692 
302696 
302697 
302698 
302699 
302703 
302704 
302705 
302706 
302710 
302711 
302712 
302713 
302717 
302718 
302719 
302720 
302724 
302725 
302726 
302727 
302731 
302732 
302733 
302734 
302738 
302739 
302740 
302741 
302745 
302746 
302747 
302748 
302752 
302753 
302754 
302755 
302759 
302760 
302761 
302762 
302766 
302767 
302768 
302769 
302773 
302774 
302775 
302776 
302780 
302781 
302782 
302783 
302787 
302788 
302789 
302790 
302794 
302795 
302796 
302797 
302801 
302802 
302803 
302804 
302808 
302809 
302810 
302811 
302815 
302816 
302817 
302818 
302822 
302823 
302824 
302825 
302829 
302830 
302831 
302832 
302836 
302837 
302838 
302839 
302872 
302874 
302878 
302879 
302880 
302881 
302885 
302886 
302887 
302888 
302892 
302893 
302894 
302895 
302899 
302900 
302901 
302902 
302906 
302907 
302908 
302909 
302913 
302914 
302915 
302916 
302920 
302921 
302922 
302923 
302927 
302928 
302929 
302930 
302934 
302935 
302936 
302937 
302941 
302942 
302943 
302944 
302948 
302949 
302950 
302951 
302955 
302956 
302957 
302958 
302962 
302963 
302964 
302965 
302969 
302970 
302971 
302972 
302976 
302977 
302978 
302979 
302983 
302984 
302985 
302986 
302990 
302991 
302992 
302993 
302997 
302998 
302999 
303000 
303004 
303005 
303006 
303007 
303011 
303012 
303013 
303014 
303018 
303019 
303020 
303021 
303025 
303026 
303027 
303028 
303032 
303033 
303034 
303035 
303039 
303040 
303041 
303042 
303046 
303047 
303048 
303049 
303053 
303054 
303055 
303056 
303060 
303061 
303062 
303063 
303067 
303068 
303069 
303070 
303074 
303075 
303076 
303077 
303081 
303082 
303083 
303084 
303088 
303089 
303090 
303091 
303095 
303096 
303097 
303098 
303102 
303103 
303104 
303105 
303109 
303110 
303111 
303112 
303116 
303117 
303118 
303119 
303123 
303124 
303125 
303126 
303130 
303131 
303132 
303133 
303137 
303138 
303139 
303140 
303144 
303145 
303146 
303147 
303151 
303152 
303153 
303154 
303158 
303159 
303160 
303161 
303165 
303166 
303167 
303168 
303172 
303173 
303174 
303175 
303179 
303180 
303181 
303182 
303186 
303187 
303188 
303189 
303193 
303194 
303195 
303196 
303222 
303224 
303227 
303228 
303229 
303230 
303233 
303234 
303235 
303236 
303240 
303241 
303242 
303243 
303247 
303248 
303249 
303250 
303254 
303255 
303256 
303257 
303261 
303262 
303263 
303264 
303268 
303269 
303270 
303271 
303275 
303276 
303277 
303278 
303282 
303283 
303284 
303285 
303289 
303290 
303291 
303292 
303296 
303297 
303298 
303299 
303303 
303304 
303305 
303306 
303310 
303311 
303312 
303313 
303317 
303318 
303319 
303320 
303324 
303325 
303326 
303327 
303331 
303332 
303333 
303334 
303338 
303339 
303340 
303341 
303345 
303346 
303347 
303348 
303352 
303353 
303354 
303355 
303359 
303360 
303361 
303362 
303366 
303367 
303368 
303369 
303373 
303374 
303375 
303376 
303380 
303381 
303382 
303383 
303387 
303388 
303389 
303390 
303394 
303395 
303396 
303397 
303401 
303402 
303403 
303404 
303408 
303409 
303410 
303411 
303415 
303416 
303417 
303418 
303422 
303423 
303424 
303425 
303429 
303430 
303431 
303432 
303436 
303437 
303438 
303439 
303443 
303444 
303445 
303446 
303450 
303451 
303452 
303453 
303457 
303458 
303459 
303460 
303464 
303465 
303466 
303467 
303471 
303472 
303473 
303474 
303478 
303479 
303480 
303481 
303485 
303486 
303487 
303488 
303492 
303493 
303494 
303495 
303499 
303500 
303501 
303502 
303506 
303507 
303508 
303509 
303513 
303514 
303515 
303516 
303520 
303521 
303522 
303523 
303527 
303528 
303529 
303530 
303534 
303535 
303536 
303537 
303541 
303542 
303543 
303544 
303563 
303565 
303567 
303568 
303569 
303570 
303574 
303575 
303576 
303577 
303581 
303582 
303583 
303584 
303588 
303589 
303590 
303591 
303595 
303596 
303597 
303598 
303602 
303603 
303604 
303605 
303609 
303610 
303611 
303612 
303616 
303617 
303618 
303619 
303623 
303624 
303625 
303626 
303630 
303631 
303632 
303633 
303637 
303638 
303639 
303640 
303644 
303645 
303646 
303647 
303651 
303652 
303653 
303654 
303658 
303659 
303660 
303661 
303665 
303666 
303667 
303668 
303672 
303673 
303674 
303675 
303679 
303680 
303681 
303682 
303686 
303687 
303688 
303689 
303693 
303694 
303695 
303696 
303700 
303701 
303702 
303703 
303707 
303708 
303709 
303710 
303714 
303715 
303716 
303717 
303721 
303722 
303723 
303724 
303728 
303729 
303730 
303731 
303735 
303736 
303737 
303738 
303742 
303743 
303744 
303745 
303749 
303750 
303751 
303752 
303756 
303757 
303758 
303759 
303763 
303764 
303765 
303766 
303770 
303771 
303772 
303773 
303777 
303778 
303779 
303780 
303784 
303785 
303786 
303787 
303791 
303792 
303793 
303794 
303798 
303799 
303800 
303801 
303805 
303806 
303807 
303808 
303812 
303813 
303814 
303815 
303819 
303820 
303821 
303822 
303826 
303827 
303828 
303829 
303833 
303834 
303835 
303836 
303840 
303841 
303842 
303843 
303847 
303848 
303849 
303850 
303854 
303855 
303856 
303857 
303861 
303862 
303863 
303864 
303868 
303869 
303870 
303871 
303875 
303876 
303877 
303878 
303882 
303883 
303884 
303885 
303900 
303905 
303906 
303911 
303912 
303917 
303918 
303923 
303924 
303929 
303930 
303935 
303936 
303941 
303942 
303947 
303948 
303953 
303954 
303959 
303960 
303965 
303966 
303971 
303972 
303977 
303978 
303983 
303984 
303989 
303990 
303995 
303996 
304001 
304002 
304007 
304008 
304013 
304014 
304019 
304020 
304025 
304026 
304031 
304032 
304037 
304038 
304043 
304044 
304049 
304050 
304055 
304056 
304061 
304062 
304067 
304068 
304073 
304074 
304079 
304080 
304085 
304086 
304091 
304092 
304097 
304098 
304103 
304104 
304109 
304110 
304115 
304116 
304121 
304122 
304127 
304128 
304133 
304134 
304139 
304140 
304145 
304146 
304151 
304152 
304157 
304158 
304163 
304164 
304169 
304170 
272175 
272178 
272179 
272180 
272184 
272185 
272207 
272208 
272212 
272213 
272214 
272215 
272219 
272220 
272235 
272236 
272240 
272241 
272242 
272243 
272247 
272248 
272263 
272264 
272268 
272269 
272270 
272271 
272275 
272276 
272291 
272292 
272296 
272297 
272298 
272299 
272303 
272304 
272333 
272334 
272338 
272339 
272340 
272341 
272345 
272346 
272368 
272369 
272373 
272374 
272375 
272376 
272380 
272381 
272396 
272397 
272401 
272402 
272403 
272404 
272408 
272409 
272424 
272425 
272429 
272430 
272431 
272432 
272436 
272437 
272459 
272460 
272464 
272465 
272466 
272467 
272471 
272472 
272494 
272495 
272499 
272500 
272501 
272502 
272506 
272507 
405734 
405770 
405798 
405805 
405833 
405840 
405868 
405875 
405903 
405910 
405938 
405945 
405973 
405980 
406008 
406015 
406043 
406050 
406078 
406085 
406113 
406120 
406148 
406155 
406183 
406190 
406218 
406225 
406253 
406260 
406288 
406295 
406323 
406330 
406358 
406365 
406393 
406400 
406428 
406435 
406463 
406470 
406498 
406505 
406533 
406540 
406568 
406575 
406603 
406610 
406638 
406645 
406673 
406680 
406708 
406715 
406743 
406750 
406778 
406785 
406813 
406820 
406848 
406855 
406883 
406890 
406918 
406925 
406953 
406960 
406988 
406995 
407023 
407030 
407058 
407065 
407093 
407100 
407128 
407135 
407163 
407170 
407198 
407205 
407233 
407240 
407268 
407275 
407303 
407310 
407338 
407346 
407378 
407382 
407384 
407385 
407388 
407392 
407395 
407398 
407399 
407402 
407419 
407421 
407423 
407424 
407426 
407429 
407430 
407433 
407436 
407437 
407440 
407460 
407461 
407463 
407465 
407466 
407468 
407471 
407472 
407475 
407478 
407479 
407482 
407502 
407503 
407505 
407507 
407508 
407510 
407513 
407514 
407517 
407520 
407521 
407524 
407544 
407545 
407547 
407549 
407550 
407552 
407555 
407556 
407559 
407562 
407563 
407566 
407586 
407587 
407589 
407591 
407592 
407594 
407597 
407598 
407601 
407604 
407605 
407608 
407628 
407629 
407631 
407633 
407634 
407636 
407639 
407640 
407643 
407646 
407647 
407650 
407670 
407671 
407673 
407675 
407676 
407678 
407681 
407682 
407685 
407688 
407689 
407692 
407712 
407713 
407715 
407717 
407718 
407720 
407723 
407724 
407727 
407730 
407731 
407734 
407754 
407755 
407757 
407759 
407760 
407762 
407765 
407766 
407769 
407772 
407773 
407776 
407796 
407797 
407799 
407801 
407802 
407804 
407807 
407808 
407811 
407814 
407815 
407818 
407838 
407839 
407841 
407843 
407844 
407846 
407849 
407850 
407853 
407856 
407857 
407860 
407880 
407881 
407883 
407885 
407886 
407888 
407891 
407892 
407895 
407898 
407899 
407902 
407922 
407923 
407925 
407927 
407928 
407930 
407933 
407934 
407937 
407940 
407941 
407944 
407964 
407965 
407967 
407969 
407970 
407972 
407975 
407976 
407979 
407982 
407983 
407986 
408006 
408007 
408009 
408011 
408012 
408014 
408017 
408018 
408021 
408024 
408025 
408028 
309725 
309727 
309730 
309731 
309734 
408048 
408049 
408051 
408053 
408054 
408056 
408059 
408060 
309758 
408063 
309759 
408066 
309762 
408067 
309765 
408070 
309766 
309769 
408090 
408091 
408093 
408095 
408096 
309793 
408098 
309794 
408101 
309797 
408102 
309800 
408105 
309801 
408108 
309804 
408109 
408112 
408132 
309828 
408133 
309829 
408135 
309832 
408137 
408138 
309835 
408140 
309836 
408143 
309839 
408144 
408147 
408150 
408151 
408154 
309863 
309864 
309867 
408174 
309870 
408175 
309871 
408177 
309874 
408179 
408180 
408182 
408185 
408186 
408189 
408192 
408193 
408196 
309905 
309906 
309909 
408216 
309912 
408217 
309913 
408219 
309916 
408221 
408222 
408224 
408227 
408228 
408231 
408234 
408235 
408238 
309947 
309948 
309951 
408258 
309954 
408259 
309955 
408261 
309958 
408263 
408264 
408266 
408269 
408270 
408273 
408276 
408277 
408280 
309982 
309983 
309986 
309989 
309990 
309993 
408300 
408301 
408303 
408305 
408306 
408308 
408311 
408312 
408315 
408318 
408319 
310017 
408322 
310018 
310021 
310024 
310025 
310028 
408342 
408343 
408345 
408347 
408348 
408350 
408353 
408354 
310052 
408357 
310053 
408360 
310056 
408361 
310059 
408364 
310060 
310063 
408384 
408385 
408387 
408389 
408390 
408392 
408395 
310091 
408396 
310092 
408399 
310095 
408402 
310098 
408403 
310099 
408406 
310102 
310108 
310109 
408426 
408427 
408429 
408431 
408432 
408434 
408437 
408438 
408441 
408444 
408445 
408448 
408468 
408469 
408471 
408473 
408474 
408476 
408479 
408480 
408483 
408486 
408487 
408490 
408510 
408511 
408513 
408515 
408516 
408518 
408521 
408522 
408525 
408528 
408529 
408532 
408552 
408553 
408555 
408557 
408558 
408560 
408563 
408564 
408567 
408570 
408571 
408574 
408594 
408595 
408597 
408599 
408600 
408602 
408605 
408606 
408609 
408612 
408613 
408616 
408636 
408637 
408639 
408641 
408642 
408644 
408647 
408648 
408651 
408654 
408655 
408658 
408678 
408679 
408681 
408683 
408684 
408686 
408689 
408690 
408693 
408696 
408697 
408700 
408720 
408721 
408723 
408725 
408726 
408728 
408731 
408732 
408735 
408738 
408739 
408742 
408762 
408763 
408765 
408767 
408768 
408770 
408773 
408774 
408777 
408780 
408781 
408784 
408804 
408805 
408807 
408809 
408810 
408812 
408815 
408816 
408819 
408822 
408823 
408826 
408846 
408847 
408849 
408851 
408852 
408854 
408857 
408858 
408861 
408864 
408865 
408868 
408888 
408889 
408891 
408893 
408894 
408896 
408899 
408900 
408903 
408906 
408907 
408910 
408930 
408931 
408933 
408935 
408936 
408938 
408941 
408942 
408945 
408948 
408949 
408952 
408972 
408973 
408975 
408977 
408978 
408980 
408983 
408984 
408987 
408990 
408991 
408994 
409014 
409015 
409017 
409019 
409020 
409022 
409025 
409026 
409029 
409032 
409033 
409036 
409056 
409057 
409059 
409061 
409062 
409064 
409067 
409068 
409071 
409074 
409075 
409078 
409098 
409099 
409101 
409103 
409104 
409106 
409109 
409110 
409113 
409116 
409117 
409120 
409140 
409141 
409143 
409145 
409146 
409148 
409151 
409152 
409155 
409158 
409159 
409162 
409182 
409183 
409185 
409187 
409188 
409190 
409193 
409194 
409197 
409200 
409201 
409204 
409224 
409225 
409227 
409229 
409230 
409232 
409235 
409236 
409239 
409242 
409243 
409246 
409266 
409267 
409269 
409271 
409272 
409274 
409277 
409278 
409281 
409284 
409285 
409288 
409308 
409309 
409311 
409312 
409315 
409316 
409319 
409320 
409323 
409325 
409328 
409330 
409375 
409379 
409382 
409383 
409386 
409390 
409393 
409396 
409397 
409400 
409412 
409413 
409416 
409418 
409419 
409421 
409424 
409425 
409428 
409431 
409432 
409434 
409448 
409449 
409451 
409454 
409455 
409458 
409461 
409462 
409464 
409467 
409468 
409471 
409474 
409475 
409478 
409481 
409482 
409485 
409488 
409489 
409492 
409495 
409496 
409499 
409502 
409503 
409506 
409509 
409510 
409513 
409516 
409517 
409520 
409523 
409524 
409527 
409530 
409531 
409534 
409537 
409538 
409541 
409544 
409545 
409548 
409551 
409552 
409555 
409558 
409559 
409562 
409565 
409566 
409569 
409572 
409573 
409576 
409579 
409580 
409583 
409586 
409587 
409590 
409593 
409594 
409597 
409600 
409601 
409604 
409607 
409608 
409611 
409614 
409615 
409618 
409621 
409622 
409625 
409628 
409629 
409632 
409635 
409636 
409639 
409642 
409643 
409646 
409649 
409650 
409653 
409656 
409657 
409660 
409663 
409664 
409667 
409670 
409671 
409674 
409677 
409678 
409681 
409684 
409685 
409688 
409691 
409692 
409695 
409698 
409699 
409702 
409705 
409706 
409709 
409712 
409713 
409716 
409719 
409720 
409723 
409726 
409727 
409730 
409733 
409734 
409737 
409740 
409741 
409744 
409747 
409748 
409751 
409754 
409755 
409758 
409761 
409762 
409765 
409768 
409769 
409772 
409775 
409776 
409779 
409782 
409783 
409786 
409789 
409790 
409793 
409796 
409797 
409800 
409803 
409804 
409807 
409810 
409811 
409814 
409817 
409818 
409821 
409824 
409825 
409828 
409831 
409832 
409835 
409838 
409839 
278768 
409842 
278770 
409845 
278773 
409846 
278774 
278775 
409849 
278777 
409852 
278780 
409853 
278781 
409856 
409859 
409860 
409863 
409866 
409867 
278796 
409870 
278798 
409873 
278801 
409874 
278802 
278803 
409877 
278805 
409880 
278808 
409881 
278809 
409884 
409887 
409888 
409891 
409894 
409895 
278824 
409898 
278826 
409901 
278829 
409902 
278830 
278831 
409905 
278833 
409908 
278836 
409909 
278837 
409912 
409915 
409916 
409919 
409922 
409923 
278852 
409926 
278854 
409929 
278857 
409930 
278858 
278859 
409933 
278861 
409936 
278864 
409937 
278865 
409940 
409943 
409944 
409947 
409950 
409951 
278880 
409954 
278882 
409957 
278885 
409958 
278886 
278887 
409961 
278889 
409964 
278892 
409965 
278893 
409968 
409971 
409972 
409975 
409978 
409979 
278908 
409982 
278910 
409985 
278913 
409986 
278914 
278915 
409989 
278917 
409992 
278920 
409993 
278921 
409996 
409999 
410000 
410003 
410006 
410007 
410010 
410013 
410014 
410017 
410020 
410021 
410024 
410027 
410028 
278957 
410031 
278959 
410034 
278962 
410035 
278963 
278964 
410038 
278966 
410041 
278969 
410042 
278970 
410045 
410048 
410049 
410052 
410055 
410056 
278985 
410059 
278987 
410062 
278990 
410063 
278991 
278992 
410066 
278994 
410069 
278997 
410070 
278998 
410073 
410076 
410077 
410080 
410083 
410084 
279013 
410087 
279015 
410090 
279018 
410091 
279019 
279020 
410094 
279022 
410097 
279025 
410098 
279026 
410101 
410104 
410105 
410108 
410111 
410112 
410115 
410118 
410119 
279048 
410122 
279050 
410125 
279053 
410126 
279054 
279055 
410129 
279057 
410132 
279060 
410133 
279061 
410136 
410139 
410140 
410143 
410146 
410147 
279076 
410150 
279078 
410153 
279081 
410154 
279082 
279083 
410157 
279085 
410160 
279088 
410161 
279089 
410164 
410167 
410168 
410171 
410174 
410175 
410178 
410181 
410182 
410185 
410188 
410189 
410192 
410195 
410196 
410199 
410202 
410203 
410206 
410209 
410210 
410213 
410216 
410217 
410220 
410223 
410224 
410227 
410230 
410231 
410234 
410237 
410238 
410241 
410244 
410245 
410248 
410251 
410252 
410255 
410258 
410259 
410262 
410265 
410266 
410269 
410272 
410273 
410276 
410279 
410280 
410283 
410286 
410287 
410290 
410293 
410294 
410297 
410300 
410301 
410304 
410307 
410308 
410311 
410314 
410315 
410318 
410321 
410322 
410325 
410328 
410329 
410332 
410335 
410336 
410339 
410342 
410343 
410346 
410349 
410350 
410353 
410356 
410357 
410360 
410363 
410364 
410367 
410370 
410371 
410374 
410377 
410378 
410381 
410384 
410385 
410388 
410391 
410392 
410395 
410398 
410399 
410402 
410405 
410406 
410409 
410412 
410413 
410416 
410419 
410420 
410423 
410426 
410427 
410430 
410433 
410434 
410437 
410440 
410441 
410444 
410447 
410448 
410451 
410454 
410455 
410458 
410461 
410462 
410465 
410468 
410469 
410472 
410475 
410476 
410479 
410482 
410483 
410486 
410489 
410490 
410493 
410496 
410497 
410500 
410503 
410504 
410507 
410510 
410511 
410514 
410517 
410518 
410521 
410524 
410525 
410528 
410531 
410532 
410535 
410538 
410539 
410542 
410545 
410546 
410549 
410552 
410553 
410556 
410559 
410560 
410563 
410566 
410567 
410570 
410573 
410574 
410577 
410580 
410581 
410584 
410587 
410588 
410591 
410594 
410595 
410598 
410601 
410602 
410605 
410608 
410609 
410612 
410615 
410616 
410619 
410622 
410623 
410626 
410629 
410630 
410633 
410636 
410637 
410640 
410643 
410644 
410647 
410650 
410651 
410654 
410657 
410658 
410661 
410664 
410665 
410668 
410671 
410672 
410675 
410685 
410686 
410688 
410690 
410692 
410693 
410695 
410696 
410699 
410701 
410703 
410705 
410750 
410754 
410757 
410758 
410761 
410765 
410768 
410771 
410772 
410775 
410792 
410793 
410796 
410799 
410800 
410803 
410806 
410807 
410810 
410813 
410814 
410817 
410820 
410821 
410824 
410827 
410828 
410831 
410834 
410835 
410838 
410841 
410842 
410845 
410848 
410849 
410852 
410855 
410856 
410859 
410862 
410863 
410866 
410869 
410870 
410873 
410876 
410877 
410880 
410883 
410884 
410887 
410890 
410891 
410894 
410897 
410898 
410901 
410904 
410905 
410908 
410911 
410912 
410915 
410918 
410919 
410922 
410925 
410926 
410929 
410932 
410933 
410936 
410939 
410940 
410943 
410946 
410947 
410950 
410953 
410954 
410957 
410960 
410961 
410964 
410967 
410968 
410971 
410974 
410975 
410978 
410981 
410982 
410985 
410988 
410989 
410992 
410995 
410996 
410999 
411002 
411003 
411006 
411009 
411010 
411013 
411016 
411017 
411020 
411023 
411024 
411027 
411030 
411031 
411034 
411037 
411038 
411041 
411044 
411045 
411048 
411051 
411052 
411055 
411058 
411059 
411062 
411065 
411066 
411069 
411072 
411073 
411076 
411079 
411080 
411083 
411086 
411087 
411090 
411093 
411094 
411097 
411100 
411101 
411104 
411107 
411108 
411111 
411114 
411115 
411118 
411121 
411122 
411125 
411128 
411129 
411132 
411135 
411136 
411139 
411142 
411143 
411146 
411149 
411150 
411153 
411156 
411157 
411160 
411163 
411164 
411167 
411170 
411171 
411174 
411177 
411178 
411181 
411184 
411185 
411188 
411191 
411192 
411195 
411198 
411199 
411202 
411205 
411206 
411209 
411212 
411213 
411216 
411219 
411220 
411223 
411226 
411227 
411230 
411233 
411234 
411237 
411240 
411241 
411244 
411247 
411248 
411251 
411254 
411255 
411258 
411261 
411262 
411265 
411268 
411269 
411272 
411275 
411276 
411279 
411282 
411283 
411286 
411289 
411290 
411293 
411296 
411297 
411300 
411303 
411304 
411307 
411310 
411311 
411314 
411317 
411318 
411321 
411324 
411325 
411328 
411331 
411332 
411335 
411338 
411339 
411342 
411345 
411346 
411349 
411352 
411353 
411356 
411359 
411360 
411363 
411366 
411367 
411370 
411373 
411374 
411377 
411380 
411381 
411384 
411387 
411388 
411391 
411394 
411395 
411398 
411401 
411402 
411405 
411408 
411409 
411412 
411415 
411416 
411419 
411422 
411423 
411426 
411429 
411430 
411433 
411436 
411437 
411440 
411443 
411444 
411447 
411450 
411451 
411454 
411457 
411458 
411461 
411464 
411465 
411468 
411471 
411472 
411475 
411478 
411479 
411482 
411485 
411486 
411489 
411492 
411493 
411496 
411499 
411500 
411503 
411506 
411507 
411510 
411513 
411514 
411517 
411520 
411521 
411524 
411527 
411528 
411531 
411534 
411535 
411538 
411541 
411542 
411545 
411548 
411549 
411552 
411555 
411556 
411559 
411562 
411563 
411566 
411569 
411570 
411573 
411576 
411577 
411580 
411583 
411584 
411587 
411590 
411591 
411594 
411597 
411598 
411601 
411604 
411605 
411608 
411611 
411612 
411615 
411618 
411619 
411622 
411625 
411626 
411629 
411632 
411633 
411636 
411639 
411640 
411643 
411646 
411647 
411650 
411653 
411654 
411657 
411660 
411661 
411664 
411667 
411668 
411671 
411674 
411675 
411678 
411681 
411682 
411685 
411688 
411689 
411692 
411695 
411696 
411699 
411702 
411703 
411706 
411709 
411710 
411713 
411716 
411717 
411720 
411723 
411724 
411727 
411730 
411731 
411734 
411737 
411738 
411741 
411744 
411745 
411748 
411751 
411752 
411755 
411758 
411759 
411762 
411765 
411766 
411769 
411772 
411773 
411776 
411779 
411780 
411783 
411786 
411787 
411790 
411793 
411794 
411797 
411800 
411801 
411804 
411807 
411808 
411811 
411814 
411815 
411818 
411821 
411822 
411825 
411828 
411829 
411832 
411835 
411836 
411839 
411842 
411843 
411846 
411849 
411850 
411853 
411856 
411857 
411860 
411863 
411864 
411867 
411870 
411871 
411874 
411877 
411878 
411881 
411884 
411885 
411888 
411891 
411892 
411895 
411898 
411899 
411902 
411905 
411906 
411909 
411912 
411913 
411916 
411919 
411920 
411923 
411926 
411927 
411930 
411933 
411934 
411937 
411940 
411941 
411944 
411947 
411948 
411951 
411954 
411955 
411958 
411961 
411962 
411965 
411968 
411969 
411972 
411975 
411976 
411979 
411982 
411983 
411986 
411989 
411990 
411993 
411996 
411997 
412000 
412003 
412004 
412007 
412010 
412011 
412014 
412017 
412018 
412021 
412024 
412025 
412028 
412031 
412032 
412035 
412038 
412039 
412042 
412045 
412046 
412049 
412066 
412067 
412070 
412072 
412075 
412077 
412080 
412081 
412084 
412086 
412089 
412091 
412136 
412140 
412143 
412144 
412147 
412151 
412154 
412157 
412158 
412161 
412178 
412179 
412182 
412185 
412186 
412189 
412192 
412193 
412196 
412199 
412200 
412203 
412206 
412207 
412210 
412213 
412214 
412217 
412220 
412221 
412224 
412227 
412228 
412231 
412234 
412235 
412238 
412241 
412242 
412245 
412248 
412249 
412252 
412255 
412256 
412259 
412262 
412263 
412266 
412269 
412270 
412273 
412276 
412277 
412280 
412283 
412284 
412287 
412290 
412291 
412294 
412297 
412298 
412301 
412304 
412305 
412308 
412311 
412312 
412315 
412318 
412319 
412322 
412325 
412326 
412329 
412332 
412333 
412336 
412339 
412340 
412343 
412346 
412347 
412350 
412353 
412354 
412357 
412360 
412361 
412364 
412367 
412368 
412371 
412374 
412375 
412378 
412381 
412382 
412385 
412388 
412389 
412392 
412395 
412396 
412399 
412402 
412403 
412406 
412409 
412410 
412413 
412416 
412417 
412420 
412423 
412424 
412427 
412430 
412431 
412434 
412437 
412438 
412441 
412444 
412445 
412448 
412451 
412452 
412455 
412458 
412459 
412462 
412465 
412466 
412469 
412472 
412473 
412476 
412479 
412480 
412483 
412486 
412487 
412490 
412493 
412494 
412497 
412500 
412501 
412504 
412507 
412508 
412511 
412514 
412515 
412518 
412521 
412522 
412525 
412528 
412529 
412532 
412535 
412536 
412539 
412542 
412543 
412546 
412549 
412550 
412553 
412556 
412557 
412560 
412563 
412564 
412567 
412570 
412571 
412574 
412577 
412578 
412581 
412584 
412585 
412588 
412591 
412592 
412595 
412598 
412599 
412602 
412605 
412606 
412609 
412612 
412613 
412616 
412619 
412620 
412623 
412626 
412627 
412630 
412633 
412634 
412637 
412640 
412641 
412644 
412647 
412648 
412651 
412654 
412655 
412658 
412661 
412662 
412665 
412668 
412669 
412672 
412675 
412676 
412679 
412682 
412683 
412686 
412689 
412690 
412693 
412696 
412697 
412700 
412703 
412704 
412707 
412710 
412711 
412714 
412717 
412718 
412721 
412724 
412725 
412728 
412731 
412732 
412735 
412738 
412739 
412742 
412745 
412746 
412749 
412752 
412753 
412756 
412759 
412760 
412763 
412766 
412767 
412770 
412773 
412774 
412777 
412780 
412781 
412784 
412787 
412788 
412791 
412794 
412795 
412798 
412801 
412802 
412805 
412808 
412809 
412812 
412815 
412816 
412819 
412822 
412823 
412826 
412829 
412830 
412833 
412836 
412837 
412840 
412843 
412844 
412847 
412850 
412851 
412854 
412857 
412858 
412861 
412864 
412865 
412868 
412871 
412872 
412875 
412878 
412879 
412882 
412885 
412886 
412889 
412892 
412893 
412896 
412899 
412900 
412903 
412906 
412907 
412910 
412913 
412914 
412917 
412920 
412921 
412924 
412927 
412928 
412931 
412934 
412935 
412938 
412941 
412942 
412945 
412948 
412949 
412952 
412955 
412956 
412959 
412962 
412963 
412966 
412969 
412970 
412973 
412976 
412977 
412980 
412983 
412984 
412987 
412990 
412991 
412994 
412997 
412998 
413001 
413004 
413005 
413008 
413011 
413012 
413015 
413018 
413019 
413022 
413025 
413026 
413029 
413032 
413033 
413036 
413039 
413040 
413043 
413046 
413047 
413050 
413053 
413054 
413057 
413060 
413061 
413064 
413067 
413068 
413071 
413074 
413075 
413078 
413081 
413082 
413085 
413088 
413089 
413092 
413095 
413096 
413099 
413102 
413103 
413106 
413109 
413110 
413113 
413116 
413117 
413120 
413123 
413124 
413127 
413130 
413131 
413134 
413137 
413138 
413141 
413144 
413145 
413148 
413151 
413152 
413155 
413158 
413159 
413162 
413165 
413166 
413169 
413172 
413173 
413176 
413179 
413180 
413183 
413186 
413187 
413190 
413193 
413194 
413197 
413200 
413201 
413204 
413207 
413208 
413211 
413214 
413215 
413218 
413221 
413222 
413225 
413228 
413229 
413232 
413235 
413236 
413239 
413242 
413243 
413246 
413249 
413250 
413253 
413256 
413257 
413260 
413263 
413264 
413267 
413270 
413271 
413274 
413277 
413278 
413281 
413284 
413285 
413288 
413291 
413292 
413295 
413298 
413299 
413302 
413305 
413306 
413309 
413312 
413313 
413316 
413319 
413320 
413323 
413326 
413327 
413330 
413333 
413334 
413337 
413340 
413341 
413344 
413347 
413348 
413351 
413354 
413355 
413358 
413361 
413362 
413365 
413368 
413369 
413372 
413375 
413376 
413379 
413382 
413383 
413386 
413389 
413390 
413393 
413396 
413397 
413400 
413403 
413404 
413407 
413410 
413411 
413414 
413417 
413418 
413421 
413424 
413425 
413428 
413431 
413432 
413435 
413452 
413453 
413456 
413458 
413461 
413463 
413466 
413467 
413470 
413472 
413475 
413477 
413522 
413526 
413529 
413530 
413533 
413537 
413540 
413543 
413544 
413547 
413564 
413565 
413568 
413571 
413572 
413575 
413578 
413579 
413582 
413585 
413586 
413589 
413592 
413593 
413596 
413599 
413600 
413603 
413606 
413607 
413610 
413613 
413614 
413617 
413620 
413621 
413624 
413627 
413628 
413631 
413634 
413635 
413638 
413641 
413642 
413645 
413648 
413649 
413652 
413655 
413656 
413659 
413662 
413663 
413666 
413669 
413670 
413673 
413676 
413677 
413680 
413683 
413684 
413687 
413690 
413691 
413694 
413697 
413698 
413701 
413704 
413705 
413708 
413711 
413712 
413715 
413718 
413719 
413722 
413725 
413726 
413729 
413732 
413733 
413736 
413739 
413740 
413743 
413746 
413747 
413750 
413753 
413754 
413757 
413760 
413761 
413764 
413767 
413768 
413771 
413774 
413775 
413778 
413781 
413782 
413785 
413788 
413789 
413792 
413795 
413796 
413799 
413802 
413803 
413806 
413809 
413810 
413813 
413816 
413817 
413820 
413823 
413824 
413827 
413830 
413831 
413834 
413837 
413838 
413841 
413844 
413845 
413848 
413851 
413852 
413855 
413858 
413859 
413862 
413865 
413866 
413869 
413872 
413873 
413876 
413879 
413880 
413883 
413886 
413887 
413890 
413893 
413894 
413897 
413900 
413901 
413904 
413907 
413908 
413911 
413914 
413915 
413918 
413921 
413922 
413925 
413928 
413929 
413932 
413935 
413936 
413939 
413942 
413943 
413946 
413949 
413950 
413953 
413956 
413957 
413960 
413963 
413964 
413967 
413970 
413971 
413974 
413977 
413978 
413981 
413984 
413985 
413988 
413991 
413992 
413995 
413998 
413999 
414002 
414005 
414006 
414009 
414012 
414013 
414016 
414019 
414020 
414023 
414026 
414027 
414030 
414033 
414034 
414037 
414040 
414041 
414044 
414047 
414048 
414051 
414054 
414055 
414058 
414061 
414062 
414065 
414068 
414069 
414072 
414075 
414076 
414079 
414082 
414083 
414086 
414089 
414090 
414093 
414096 
414097 
414100 
414103 
414104 
414107 
414110 
414111 
414114 
414117 
414118 
414121 
414124 
414125 
414128 
414131 
414132 
414135 
414138 
414139 
414142 
414145 
414146 
414149 
414152 
414153 
414156 
414159 
414160 
414163 
414166 
414167 
414170 
414173 
414174 
414177 
414180 
414181 
414184 
414187 
414188 
414191 
414194 
414195 
414198 
414201 
414202 
414205 
414208 
414209 
414212 
414215 
414216 
414219 
414222 
414223 
414226 
414229 
414230 
414233 
414236 
414237 
414240 
414243 
414244 
414247 
414250 
414251 
414254 
414257 
414258 
414261 
414264 
414265 
414268 
414271 
414272 
414275 
414278 
414279 
414282 
414285 
414286 
414289 
414292 
414293 
414296 
414299 
414300 
414303 
414306 
414307 
414310 
414313 
414314 
414317 
414320 
414321 
414324 
414327 
414328 
414331 
414334 
414335 
414338 
414341 
414342 
414345 
414348 
414349 
414352 
414355 
414356 
414359 
414362 
414363 
414366 
414369 
414370 
414373 
414376 
414377 
414380 
414383 
414384 
414387 
414390 
414391 
414394 
414397 
414398 
414401 
414404 
414405 
414408 
414411 
414412 
414415 
414418 
414419 
414422 
414425 
414426 
414429 
414432 
414433 
414436 
414439 
414440 
414443 
414446 
414447 
414450 
414453 
414454 
414457 
414460 
414461 
414464 
414467 
414468 
414471 
414474 
414475 
414478 
414481 
414482 
414485 
414488 
414489 
414492 
414495 
414496 
414499 
414502 
414503 
414506 
414509 
414510 
414513 
414516 
414517 
414520 
414523 
414524 
414527 
414530 
414531 
414534 
414537 
414538 
414541 
414544 
414545 
414548 
414551 
414552 
414555 
414558 
414559 
414562 
414565 
414566 
414569 
414572 
414573 
414576 
414579 
414580 
414583 
414586 
414587 
414590 
414593 
414594 
414597 
414600 
414601 
414604 
414607 
414608 
414611 
414614 
414615 
414618 
414621 
414622 
414625 
414628 
414629 
414632 
414635 
414636 
414639 
414642 
414643 
414646 
414649 
414650 
414653 
414656 
414657 
414660 
414663 
414664 
414667 
414670 
414671 
414674 
414677 
414678 
414681 
414684 
414685 
414688 
414691 
414692 
414695 
414698 
414699 
414702 
414705 
414706 
414709 
414712 
414713 
414716 
414719 
414720 
414723 
414726 
414727 
414730 
414733 
414734 
414737 
414740 
414741 
414744 
414747 
414748 
414751 
414754 
414755 
414758 
414761 
414762 
414765 
414768 
414769 
414772 
414775 
414776 
414779 
414782 
414783 
414786 
414789 
414790 
414793 
414796 
414797 
414800 
414803 
414804 
414807 
414810 
414811 
414814 
414817 
414818 
414821 
414838 
414839 
414842 
414844 
414847 
414849 
414852 
414853 
414856 
414858 
414861 
414863 
414887 
414891 
414894 
414895 
414898 
414902 
414905 
414908 
414909 
414912 
414929 
414930 
414933 
414936 
414937 
414940 
414943 
414944 
414947 
414950 
414951 
414954 
414957 
414958 
414961 
414964 
414965 
414968 
414971 
414972 
414975 
414978 
414979 
414982 
414985 
414986 
414989 
414992 
414993 
414996 
414999 
415000 
415003 
415006 
415007 
415010 
415013 
415014 
415017 
415020 
415021 
415024 
415027 
415028 
415031 
415034 
415035 
415038 
415041 
415042 
415045 
415048 
415049 
415052 
415055 
415056 
415059 
415062 
415063 
415066 
415069 
415070 
415073 
415076 
415077 
415080 
415083 
415084 
415087 
415090 
415091 
415094 
415097 
415098 
415101 
415104 
415105 
415108 
415111 
415112 
415115 
415118 
415119 
415122 
415125 
415126 
415129 
415132 
415133 
415136 
415139 
415140 
415143 
415146 
415147 
415150 
415153 
415154 
415157 
415160 
415161 
415164 
415167 
415168 
415171 
415174 
415175 
415178 
415181 
415182 
415185 
415188 
415189 
415192 
415195 
415196 
415199 
415202 
415203 
415206 
415209 
415210 
415213 
415216 
415217 
415220 
415223 
415224 
415227 
415230 
415231 
415234 
415237 
415238 
415241 
415244 
415245 
415248 
415251 
415252 
415255 
415258 
415259 
415262 
415265 
415266 
415269 
415272 
415273 
415276 
415279 
415280 
415283 
415286 
415287 
415290 
415293 
415294 
415297 
415300 
415301 
415304 
415307 
415308 
415311 
415314 
415315 
415318 
415321 
415322 
415325 
415328 
415329 
415332 
415335 
415336 
415339 
415342 
415343 
415346 
415349 
415350 
415353 
415356 
415357 
415360 
415363 
415364 
415367 
415370 
415371 
415374 
415377 
415378 
415381 
415384 
415385 
415388 
415391 
415392 
415395 
415398 
415399 
415402 
415405 
415406 
415409 
415412 
415413 
415416 
415419 
415420 
415423 
415426 
415427 
415430 
415433 
415434 
415437 
415440 
415441 
415444 
415447 
415448 
415451 
415454 
415455 
415458 
415461 
415462 
415465 
415468 
415469 
415472 
415475 
415476 
415479 
415482 
415483 
415486 
415489 
415490 
415493 
415496 
415497 
415500 
415503 
415504 
415507 
415510 
415511 
415514 
415517 
415518 
415521 
415524 
415525 
415528 
415531 
415532 
415535 
415538 
415539 
415542 
415545 
415546 
415549 
415552 
415553 
415556 
415559 
415560 
415563 
415566 
415567 
415570 
415573 
415574 
415577 
415580 
415581 
415584 
415587 
415588 
415591 
415594 
415595 
415598 
415601 
415602 
415605 
415608 
415609 
415612 
415615 
415616 
415619 
415622 
415623 
415626 
415629 
415630 
415633 
415636 
415637 
415640 
415643 
415644 
415647 
415650 
415651 
415654 
415657 
415658 
415661 
415664 
415665 
415668 
415671 
415672 
415675 
415678 
415679 
415682 
415685 
415686 
415689 
415692 
415693 
415696 
415699 
415700 
415703 
415706 
415707 
415710 
415713 
415714 
415717 
415720 
415721 
415724 
415727 
415728 
415731 
415734 
415735 
415738 
415741 
415742 
415745 
415748 
415749 
415752 
415755 
415756 
415759 
415762 
415763 
415766 
415769 
415770 
415773 
415776 
415777 
415780 
415783 
415784 
415787 
415790 
415791 
415794 
415797 
415798 
415801 
415804 
415805 
415808 
415811 
415812 
415815 
415818 
415819 
415822 
415825 
415826 
415829 
415832 
415833 
415836 
415839 
415840 
415843 
415846 
415847 
415850 
415853 
415854 
415857 
415860 
415861 
415864 
415867 
415868 
415871 
415874 
415875 
415878 
415881 
415882 
415885 
415888 
415889 
415892 
415895 
415896 
415899 
415902 
415903 
415906 
415909 
415910 
415913 
415916 
415917 
415920 
415923 
415924 
415927 
415930 
415931 
415934 
415937 
415938 
415941 
415944 
415945 
415948 
415951 
415952 
415955 
415958 
415959 
415962 
415965 
415966 
415969 
415972 
415973 
415976 
415979 
415980 
415983 
415986 
415987 
415990 
415993 
415994 
415997 
416000 
416001 
416004 
416007 
416008 
416011 
416014 
416015 
416018 
416021 
416022 
416025 
416028 
416029 
416032 
416035 
416036 
416039 
416042 
416043 
416046 
416049 
416050 
416053 
416056 
416057 
416060 
416063 
416064 
416067 
416070 
416071 
416074 
416077 
416078 
416081 
416084 
416085 
416088 
416091 
416092 
416095 
416098 
416099 
416102 
416105 
416106 
416109 
416112 
416113 
416116 
416119 
416120 
416123 
416126 
416127 
416130 
416133 
416134 
416137 
416140 
416141 
416144 
416147 
416148 
416151 
416154 
416155 
416158 
416161 
416162 
416165 
416168 
416169 
416172 
416175 
416176 
416179 
416182 
416183 
416186 
416203 
416204 
416207 
416209 
416212 
416214 
416217 
416218 
416221 
416223 
416226 
416228 
416252 
416256 
416259 
416260 
416263 
416267 
416270 
416273 
416274 
416277 
416294 
416295 
416298 
416301 
416302 
416305 
416308 
416309 
416312 
416315 
416316 
416319 
416322 
416323 
416326 
416329 
416330 
416333 
416336 
416337 
416340 
416343 
416344 
416347 
416350 
416351 
416354 
416357 
416358 
416361 
416364 
416365 
416368 
416371 
416372 
416375 
416378 
416379 
416382 
416385 
416386 
416389 
416392 
416393 
416396 
416399 
416400 
416403 
416406 
416407 
416410 
416413 
416414 
416417 
416420 
416421 
416424 
416427 
416428 
416431 
416434 
416435 
416438 
416441 
416442 
416445 
416448 
416449 
416452 
416455 
416456 
416459 
416462 
416463 
416466 
416469 
416470 
416473 
416476 
416477 
416480 
416483 
416484 
416487 
416490 
416491 
416494 
416497 
416498 
416501 
416504 
416505 
416508 
416511 
416512 
416515 
416518 
416519 
416522 
416525 
416526 
416529 
416532 
416533 
416536 
416539 
416540 
416543 
416546 
416547 
416550 
416553 
416554 
416557 
416560 
416561 
416564 
416567 
416568 
416571 
416574 
416575 
416578 
416581 
416582 
416585 
416588 
416589 
416592 
416595 
416596 
416599 
416602 
416603 
416606 
416609 
416610 
416613 
416616 
416617 
416620 
416623 
416624 
416627 
416630 
416631 
416634 
416637 
416638 
416641 
416644 
416645 
416648 
416651 
416652 
416655 
416658 
416659 
416662 
416665 
416666 
416669 
416672 
416673 
416676 
416679 
416680 
416683 
416686 
416687 
416690 
416693 
416694 
416697 
416700 
416701 
416704 
416707 
416708 
416711 
416714 
416715 
416718 
416721 
416722 
416725 
416728 
416729 
416732 
416735 
416736 
416739 
416742 
416743 
416746 
416749 
416750 
416753 
416756 
416757 
416760 
416763 
416764 
416767 
416770 
416771 
416774 
416777 
416778 
416781 
416784 
416785 
416788 
416791 
416792 
416795 
416798 
416799 
416802 
416805 
416806 
416809 
416812 
416813 
416816 
416819 
416820 
416823 
416826 
416827 
416830 
416833 
416834 
416837 
416840 
416841 
416844 
416847 
416848 
416851 
416854 
416855 
416858 
416861 
416862 
416865 
416868 
416869 
416872 
416875 
416876 
416879 
416882 
416883 
416886 
416889 
416890 
416893 
416896 
416897 
416900 
416903 
416904 
416907 
416910 
416911 
416914 
416917 
416918 
416921 
416924 
416925 
416928 
416931 
416932 
416935 
416938 
416939 
416942 
416945 
416946 
416949 
416952 
416953 
416956 
416959 
416960 
416963 
416966 
416967 
416970 
416973 
416974 
416977 
416980 
416981 
416984 
416987 
416988 
416991 
416994 
416995 
416998 
417001 
417002 
417005 
417008 
417009 
417012 
417015 
417016 
417019 
417022 
417023 
417026 
417029 
417030 
417033 
417036 
417037 
417040 
417043 
417044 
417047 
417050 
417051 
417054 
417057 
417058 
417061 
417064 
417065 
417068 
417071 
417072 
417075 
417078 
417079 
417082 
417085 
417086 
417089 
417092 
417093 
417096 
417099 
417100 
417103 
417106 
417107 
417110 
417113 
417114 
417117 
417120 
417121 
417124 
417127 
417128 
417131 
417134 
417135 
417138 
417141 
417142 
417145 
417148 
417149 
417152 
417155 
417156 
417159 
417162 
417163 
417166 
417169 
417170 
417173 
417176 
417177 
417180 
417183 
417184 
417187 
417190 
417191 
417194 
417197 
417198 
417201 
417204 
417205 
417208 
417211 
417212 
417215 
417218 
417219 
417222 
417225 
417226 
417229 
417232 
417233 
417236 
417239 
417240 
417243 
417246 
417247 
417250 
417253 
417254 
417257 
417260 
417261 
417264 
417267 
417268 
417271 
417274 
417275 
417278 
417281 
417282 
417285 
417288 
417289 
417292 
417295 
417296 
417299 
417302 
417303 
417306 
417309 
417310 
417313 
417316 
417317 
417320 
417323 
417324 
417327 
417330 
417331 
417334 
417337 
417338 
417341 
417344 
417345 
417348 
417351 
417352 
417355 
417358 
417359 
417362 
417365 
417366 
417369 
417372 
417373 
417376 
417379 
417380 
417383 
417386 
417387 
417390 
417393 
417394 
417397 
417400 
417401 
417404 
417407 
417408 
417411 
417414 
417415 
417418 
417421 
417422 
417425 
417428 
417429 
417432 
417435 
417436 
417439 
417442 
417443 
417446 
417449 
417450 
417453 
417456 
417457 
417460 
417463 
417464 
417467 
417470 
417471 
417474 
417477 
417478 
417481 
417484 
417485 
417488 
417491 
417492 
417495 
417498 
417499 
417502 
417505 
417506 
417509 
417512 
417513 
417516 
417519 
417520 
417523 
417526 
417527 
417530 
417533 
417534 
417537 
417540 
417541 
417544 
417547 
417548 
417551 
417568 
417569 
417572 
417574 
417577 
417579 
417582 
417583 
417586 
417588 
417591 
417593 
417617 
417621 
417624 
417625 
417628 
417632 
417635 
417638 
417639 
417642 
417659 
417660 
417663 
417666 
417667 
417670 
417673 
417674 
417677 
417680 
417681 
417684 
417687 
417688 
417691 
417694 
417695 
417698 
417701 
417702 
417705 
417708 
417709 
417712 
417715 
417716 
417719 
417722 
417723 
417726 
417729 
417730 
417733 
417736 
417737 
417740 
417743 
417744 
417747 
417750 
417751 
417754 
417757 
417758 
417761 
417764 
417765 
417768 
417771 
417772 
417775 
417778 
417779 
417782 
417785 
417786 
417789 
417792 
417793 
417796 
417799 
417800 
417803 
417806 
417807 
417810 
417813 
417814 
417817 
417820 
417821 
417824 
417827 
417828 
417831 
417834 
417835 
417838 
417841 
417842 
417845 
417848 
417849 
417852 
417855 
417856 
417859 
417862 
417863 
417866 
417869 
417870 
417873 
417876 
417877 
417880 
417883 
417884 
417887 
417890 
417891 
417894 
417897 
417898 
417901 
417904 
417905 
417908 
417911 
417912 
417915 
417918 
417919 
417922 
417925 
417926 
417929 
417932 
417933 
417936 
417939 
417940 
417943 
417946 
417947 
417950 
417953 
417954 
417957 
417960 
417961 
417964 
417967 
417968 
417971 
417974 
417975 
417978 
417981 
417982 
417985 
417988 
417989 
417992 
417995 
417996 
417999 
418002 
418003 
418006 
418009 
418010 
418013 
418016 
418017 
418020 
418023 
418024 
418027 
418030 
418031 
418034 
418037 
418038 
418041 
418044 
418045 
418048 
418051 
418052 
418055 
418058 
418059 
418062 
418065 
418066 
418069 
418072 
418073 
418076 
418079 
418080 
418083 
418086 
418087 
418090 
418093 
418094 
418097 
418100 
418101 
418104 
418107 
418108 
418111 
418114 
418115 
418118 
418121 
418122 
418125 
418128 
418129 
418132 
418135 
418136 
418139 
418142 
418143 
418146 
418149 
418150 
418153 
418156 
418157 
418160 
418163 
418164 
418167 
418170 
418171 
418174 
418177 
418178 
418181 
418184 
418185 
418188 
418191 
418192 
418195 
418198 
418199 
418202 
418205 
418206 
418209 
418212 
418213 
418216 
418219 
418220 
418223 
418226 
418227 
418230 
418233 
418234 
418237 
418240 
418241 
418244 
418247 
418248 
418251 
418254 
418255 
418258 
418261 
418262 
418265 
418268 
418269 
418272 
418275 
418276 
418279 
418282 
418283 
418286 
418289 
418290 
418293 
418296 
418297 
418300 
418303 
418304 
418307 
418310 
418311 
418314 
418317 
418318 
418321 
418324 
418325 
418328 
418331 
418332 
418335 
418338 
418339 
418342 
418345 
418346 
418349 
418352 
418353 
418356 
418359 
418360 
418363 
418366 
418367 
418370 
418373 
418374 
418377 
418380 
418381 
418384 
418387 
418388 
418391 
418394 
418395 
418398 
418401 
418402 
418405 
418408 
418409 
418412 
418415 
418416 
418419 
418422 
418423 
418426 
418429 
418430 
418433 
418436 
418437 
418440 
418443 
418444 
418447 
418450 
418451 
418454 
418457 
418458 
418461 
418464 
418465 
418468 
418471 
418472 
418475 
418478 
418479 
418482 
418485 
418486 
418489 
418492 
418493 
418496 
418499 
418500 
418503 
418506 
418507 
418510 
418513 
418514 
418517 
418520 
418521 
418524 
418527 
418528 
418531 
418534 
418535 
418538 
418541 
418542 
418545 
418548 
418549 
418552 
418555 
418556 
418559 
418562 
418563 
418566 
418569 
418570 
418573 
418576 
418577 
418580 
418583 
418584 
418587 
418590 
418591 
418594 
418597 
418598 
418601 
418604 
418605 
418608 
418611 
418612 
418615 
418618 
418619 
418622 
418625 
418626 
418629 
418632 
418633 
418636 
418639 
418640 
418643 
418646 
418647 
418650 
418653 
418654 
418657 
418660 
418661 
418664 
418667 
418668 
418671 
418674 
418675 
418678 
418681 
418682 
418685 
418688 
418689 
418692 
418695 
418696 
418699 
418702 
418703 
418706 
418709 
418710 
418713 
418716 
418717 
418720 
418723 
418724 
418727 
418730 
418731 
418734 
418737 
418738 
418741 
418744 
418745 
418748 
418751 
418752 
418755 
418758 
418759 
418762 
418765 
418766 
418769 
418772 
418773 
418776 
418779 
418780 
418783 
418786 
418787 
418790 
418793 
418794 
418797 
418800 
418801 
418804 
418807 
418808 
418811 
418814 
418815 
418818 
418821 
418822 
418825 
418828 
418829 
418832 
418835 
418836 
418839 
418842 
418843 
418846 
418849 
418850 
418853 
418856 
418857 
418860 
418863 
418864 
418867 
418870 
418871 
418874 
418877 
418878 
418881 
418884 
418885 
418888 
418891 
418892 
418895 
418898 
418899 
418902 
418905 
418906 
418909 
418912 
418913 
418916 
418933 
418934 
418937 
418939 
418942 
418944 
418947 
418948 
418951 
418953 
418956 
418958 
418982 
418986 
418989 
418990 
418993 
418997 
419000 
419003 
419004 
419007 
419024 
419025 
419028 
419031 
419032 
419035 
419038 
419039 
419042 
419045 
419046 
419049 
419052 
419053 
419056 
419059 
419060 
419063 
419066 
419067 
419070 
419073 
419074 
419077 
419080 
419081 
419084 
419087 
419088 
419091 
419094 
419095 
419098 
419101 
419102 
419105 
419108 
419109 
419112 
419115 
419116 
419119 
419122 
419123 
419126 
419129 
419130 
419133 
419136 
419137 
419140 
419143 
419144 
419147 
419150 
419151 
419154 
419157 
419158 
419161 
419164 
419165 
419168 
419171 
419172 
419175 
419178 
419179 
419182 
419185 
419186 
419189 
419192 
419193 
419196 
419199 
419200 
419203 
419206 
419207 
419210 
419213 
419214 
419217 
419220 
419221 
419224 
419227 
419228 
419231 
419234 
419235 
419238 
419241 
419242 
419245 
419248 
419249 
419252 
419255 
419256 
419259 
419262 
419263 
419266 
419269 
419270 
419273 
419276 
419277 
419280 
419283 
419284 
419287 
419290 
419291 
419294 
419297 
419298 
419301 
419304 
419305 
419308 
419311 
419312 
419315 
419318 
419319 
419322 
419325 
419326 
419329 
419332 
419333 
419336 
419339 
419340 
419343 
419346 
419347 
419350 
419353 
419354 
419357 
419360 
419361 
419364 
419367 
419368 
419371 
419374 
419375 
419378 
419381 
419382 
419385 
419388 
419389 
419392 
419395 
419396 
419399 
419402 
419403 
419406 
419409 
419410 
419413 
419416 
419417 
419420 
419423 
419424 
419427 
419430 
419431 
419434 
419437 
419438 
419441 
419444 
419445 
419448 
419451 
419452 
419455 
419458 
419459 
419462 
419465 
419466 
419469 
419472 
419473 
419476 
419479 
419480 
419483 
419486 
419487 
419490 
419493 
419494 
419497 
419500 
419501 
419504 
419507 
419508 
419511 
419514 
419515 
419518 
419521 
419522 
419525 
419528 
419529 
419532 
419535 
419536 
419539 
419542 
419543 
419546 
419549 
419550 
419553 
419556 
419557 
419560 
419563 
419564 
419567 
419570 
419571 
419574 
419577 
419578 
419581 
419584 
419585 
419588 
419591 
419592 
419595 
419598 
419599 
419602 
419605 
419606 
419609 
419612 
419613 
419616 
419619 
419620 
419623 
419626 
419627 
419630 
419633 
419634 
419637 
419640 
419641 
419644 
419647 
419648 
419651 
419654 
419655 
419658 
419661 
419662 
419665 
419668 
419669 
419672 
419675 
419676 
419679 
419682 
419683 
419686 
419689 
419690 
419693 
419696 
419697 
419700 
419703 
419704 
419707 
419710 
419711 
419714 
419717 
419718 
419721 
419724 
419725 
419728 
419731 
419732 
419735 
419738 
419739 
419742 
419745 
419746 
419749 
419752 
419753 
419756 
419759 
419760 
419763 
419766 
419767 
419770 
419773 
419774 
419777 
419780 
419781 
419784 
419787 
419788 
419791 
419794 
419795 
419798 
419801 
419802 
419805 
419808 
419809 
419812 
419815 
419816 
419819 
419822 
419823 
419826 
419829 
419830 
419833 
419836 
419837 
419840 
419843 
419844 
419847 
419850 
419851 
419854 
419857 
419858 
419861 
419864 
419865 
419868 
419871 
419872 
419875 
419878 
419879 
419882 
419885 
419886 
419889 
419892 
419893 
419896 
419899 
419900 
419903 
419906 
419907 
419910 
419913 
419914 
419917 
419920 
419921 
419924 
419927 
419928 
419931 
419934 
419935 
419938 
419941 
419942 
419945 
419948 
419949 
419952 
419955 
419956 
419959 
419962 
419963 
419966 
419969 
419970 
419973 
419976 
419977 
419980 
419983 
419984 
419987 
419990 
419991 
419994 
419997 
419998 
420001 
420004 
420005 
420008 
420011 
420012 
420015 
420018 
420019 
420022 
420025 
420026 
420029 
420032 
420033 
420036 
420039 
420040 
420043 
420046 
420047 
420050 
420053 
420054 
420057 
420060 
420061 
420064 
420067 
420068 
420071 
420074 
420075 
420078 
420081 
420082 
420085 
420088 
420089 
420092 
420095 
420096 
420099 
420102 
420103 
420106 
420109 
420110 
420113 
420116 
420117 
420120 
420123 
420124 
420127 
420130 
420131 
420134 
420137 
420138 
420141 
420144 
420145 
420148 
420151 
420152 
420155 
420158 
420159 
420162 
420165 
420166 
420169 
420172 
420173 
420176 
420179 
420180 
420183 
420186 
420187 
420190 
420193 
420194 
420197 
420200 
420201 
420204 
420207 
420208 
420211 
420214 
420215 
420218 
420221 
420222 
420225 
420228 
420229 
420232 
420235 
420236 
420239 
420242 
420243 
420246 
420249 
420250 
420253 
420256 
420257 
420260 
420263 
420264 
420267 
420270 
420271 
420274 
420277 
420278 
420281 
420298 
420299 
420302 
420304 
420307 
420309 
420312 
420313 
420316 
420318 
420321 
420323 
420347 
420351 
420354 
420355 
420358 
420362 
420365 
420368 
420369 
420372 
420388 
420389 
420392 
420395 
420396 
420399 
420402 
420403 
420406 
420408 
420409 
420412 
420428 
420429 
420432 
420435 
420436 
420439 
420441 
420442 
420445 
420448 
420449 
420452 
420455 
420456 
420459 
420462 
420463 
420466 
420469 
420470 
420473 
420476 
420477 
420480 
420483 
420484 
420487 
420490 
420491 
420494 
420497 
420498 
420501 
420504 
420505 
420508 
420511 
420512 
420515 
420518 
420519 
420522 
420525 
420526 
420529 
420532 
420533 
420536 
420539 
420540 
420543 
420546 
420547 
420550 
420553 
420554 
420557 
420560 
420561 
420564 
420567 
420568 
420571 
420574 
420575 
420578 
420581 
420582 
420585 
420588 
420589 
420592 
420595 
420596 
420599 
420602 
420603 
420606 
420609 
420610 
420613 
420616 
420617 
420620 
420623 
420624 
420627 
420630 
420631 
420634 
420637 
420638 
420641 
420644 
420645 
420648 
420651 
420652 
420655 
420658 
420659 
420662 
420665 
420666 
420669 
420672 
420673 
420676 
420679 
420680 
420683 
420686 
420687 
420690 
420693 
420694 
420697 
420700 
420701 
420704 
420707 
420708 
420711 
420714 
420715 
420718 
420721 
420722 
420725 
420728 
420729 
420732 
420735 
420736 
420739 
420742 
420743 
420746 
420749 
420750 
420753 
420756 
420757 
420760 
420763 
420764 
420767 
420770 
420771 
420774 
420777 
420778 
420781 
420784 
420785 
420788 
420791 
420792 
420795 
420798 
420799 
420802 
420805 
420806 
420809 
420812 
420813 
420816 
420819 
420820 
420823 
420826 
420827 
420830 
420833 
420834 
420837 
420840 
420841 
420844 
420847 
420848 
420851 
420854 
420855 
420858 
420861 
420862 
420865 
420868 
420869 
420872 
420875 
420876 
420879 
420882 
420883 
420886 
420889 
420890 
420893 
420896 
420897 
420900 
420903 
420904 
420907 
420910 
420911 
420914 
420917 
420918 
420921 
420924 
420925 
420928 
420931 
420932 
420935 
420938 
420939 
420942 
420945 
420946 
420949 
420952 
420953 
420956 
420959 
420960 
420963 
420966 
420967 
420970 
420973 
420974 
420977 
420980 
420981 
420984 
420987 
420988 
420991 
420994 
420995 
420998 
421001 
421002 
421005 
421008 
421009 
421012 
421015 
421016 
421019 
421022 
421023 
421026 
421029 
421030 
421033 
421036 
421037 
421040 
421043 
421044 
421047 
421050 
421051 
421054 
421057 
421058 
421061 
421064 
421065 
421068 
421071 
421072 
421075 
421078 
421079 
421082 
421085 
421086 
421089 
421092 
421093 
421096 
421099 
421100 
421103 
421106 
421107 
421110 
421113 
421114 
421117 
421120 
421121 
421124 
421127 
421128 
421131 
421134 
421135 
421138 
421141 
421142 
421145 
421148 
421149 
421152 
421155 
421156 
421159 
421162 
421163 
421166 
421169 
421170 
421173 
421176 
421177 
421180 
421183 
421184 
421187 
421190 
421191 
421194 
421197 
421198 
421201 
421204 
421205 
421208 
421211 
421212 
421215 
421218 
421219 
421222 
421225 
421226 
421229 
421232 
421233 
421236 
421239 
421240 
421243 
421246 
421247 
421250 
421253 
421254 
421257 
421260 
421261 
421264 
421267 
421268 
421271 
421274 
421275 
421278 
421281 
421282 
421285 
421288 
421289 
421292 
421295 
421296 
421299 
421302 
421303 
421306 
421309 
421310 
421313 
421316 
421317 
421320 
421323 
421324 
421327 
421330 
421331 
421334 
421337 
421338 
421341 
421344 
421345 
421348 
421351 
421352 
421355 
421358 
421359 
421362 
421365 
421366 
421369 
421372 
421373 
421376 
421379 
421380 
421383 
421386 
421387 
421390 
421393 
421394 
421397 
421400 
421401 
421404 
421407 
421408 
421411 
421414 
421415 
421418 
421421 
421422 
421425 
421428 
421429 
421432 
421435 
421436 
421439 
421442 
421443 
421446 
421449 
421450 
421453 
421456 
421457 
421460 
421463 
421464 
421467 
421470 
421471 
421474 
421477 
421478 
421481 
421484 
421485 
421488 
421491 
421492 
421495 
421498 
421499 
421502 
421505 
421506 
421509 
421512 
421513 
421516 
421519 
421520 
421523 
421526 
421527 
421530 
421533 
421534 
421537 
421540 
421541 
421544 
421547 
421548 
421551 
421554 
421555 
421558 
421561 
421562 
421565 
421568 
421569 
421572 
421575 
421576 
421579 
421582 
421583 
421586 
421589 
421590 
421593 
421596 
421597 
421600 
421603 
421604 
421607 
421610 
421611 
421614 
421617 
421618 
421621 
421624 
421625 
421628 
421631 
421632 
421635 
421638 
421639 
421642 
421645 
421646 
421649 
421652 
421653 
421656 
421676 
421677 
421680 
421682 
421685 
421687 
421690 
421691 
421693 
421695 
421698 
421699 
421723 
421727 
421730 
421731 
421734 
421738 
421741 
421744 
421745 
421748 
421768 
421769 
421772 
421774 
421775 
421778 
421781 
421782 
421785 
421788 
421789 
421792 
421815 
421816 
421819 
421822 
421823 
421826 
421829 
421830 
421833 
421836 
421837 
421840 
421857 
421858 
421861 
421864 
421865 
421868 
421871 
421872 
421875 
421878 
421879 
421882 
421899 
421900 
421903 
421906 
421907 
421910 
421913 
421914 
421917 
421920 
421921 
421924 
421941 
421942 
421945 
421948 
421949 
421952 
421955 
421956 
421959 
421962 
421963 
421966 
421983 
421984 
421987 
421990 
421991 
421994 
421997 
421998 
422001 
422004 
422005 
422008 
422025 
422026 
422029 
422032 
422033 
422036 
422039 
422040 
422043 
422046 
422047 
422050 
422067 
422068 
422071 
422074 
422075 
422078 
422081 
422082 
422085 
422088 
422089 
422092 
422109 
422110 
422113 
422116 
422117 
422120 
422123 
422124 
422127 
422130 
422131 
422134 
422151 
422152 
422155 
422158 
422159 
422162 
422165 
422166 
422169 
422172 
422173 
422176 
422193 
422194 
422197 
422200 
422201 
422204 
422207 
422208 
422211 
422214 
422215 
422218 
422235 
422236 
422239 
422242 
422243 
422246 
422249 
422250 
422253 
422256 
422257 
422260 
422277 
422278 
422281 
422284 
422285 
422288 
422291 
422292 
422295 
422298 
422299 
422302 
422319 
422320 
422323 
422326 
422327 
422330 
422333 
422334 
422337 
422340 
422341 
422344 
422361 
422362 
422365 
422368 
422369 
422372 
422375 
422376 
422379 
422382 
422383 
422386 
422403 
422404 
422407 
422410 
422411 
422414 
422417 
422418 
422421 
422424 
422425 
422428 
422445 
422446 
422449 
422452 
422453 
422456 
422459 
422460 
422463 
422466 
422467 
422470 
422487 
422488 
422491 
422494 
422495 
422498 
422501 
422502 
422505 
422508 
422509 
422512 
422529 
422530 
422533 
422536 
422537 
422540 
422543 
422544 
422547 
422550 
422551 
422554 
422571 
422572 
422575 
422578 
422579 
422582 
422585 
422586 
422589 
422592 
422593 
422596 
422613 
422614 
422617 
422620 
422621 
422624 
422627 
422628 
422631 
422634 
422635 
422638 
422655 
422656 
422659 
422662 
422663 
422666 
422669 
422670 
422673 
422676 
422677 
422680 
422697 
422698 
422701 
422704 
422705 
422708 
422711 
422712 
422715 
422718 
422719 
422722 
422739 
422740 
422743 
422746 
422747 
422750 
422753 
422754 
488293 
422757 
488296 
422760 
422761 
422764 
488304 
488305 
488309 
488310 
422781 
488318 
422782 
488320 
422785 
488323 
488324 
422788 
422789 
422792 
422795 
488332 
422796 
488333 
422799 
488337 
488338 
422802 
422803 
422806 
422823 
422824 
422827 
422830 
422831 
422834 
422837 
422838 
422841 
422844 
422845 
422848 
422865 
422866 
422869 
422872 
488409 
422873 
488411 
422876 
488414 
488415 
422879 
422880 
422883 
422886 
488423 
422887 
488424 
422890 
488428 
488429 
488437 
488439 
488442 
488443 
422907 
422908 
422911 
422914 
488451 
422915 
488452 
422918 
488456 
488457 
422921 
422922 
422925 
422928 
422929 
422932 
422949 
422950 
422953 
422956 
422957 
422960 
422963 
422964 
422967 
422970 
422971 
422974 
488521 
488523 
488526 
488527 
422991 
422992 
422995 
422998 
488535 
422999 
488536 
423002 
488540 
488541 
423005 
423006 
423009 
423012 
488549 
423013 
488551 
423016 
488554 
488555 
488563 
488564 
488568 
488569 
423033 
423034 
423037 
423040 
423041 
423044 
423047 
423048 
423051 
423054 
423055 
423058 
423075 
423076 
423079 
423082 
423083 
423086 
423089 
423090 
423093 
423096 
488633 
423097 
488635 
423100 
488638 
488639 
488647 
488648 
488652 
488653 
423117 
423118 
423121 
423124 
488661 
423125 
488663 
423128 
488666 
488667 
423131 
423132 
423135 
423138 
488675 
423139 
488676 
423142 
488680 
488681 
423159 
423160 
423163 
423166 
423167 
423170 
423173 
423174 
423177 
423180 
423181 
423184 
423201 
423202 
423205 
423208 
488745 
423209 
488747 
423212 
488750 
488751 
423215 
423216 
423219 
423222 
488759 
423223 
488760 
423226 
488764 
488765 
488773 
488775 
488778 
488779 
423243 
423244 
423247 
423250 
488787 
423251 
488788 
423254 
488792 
488793 
423257 
423258 
423261 
423264 
423265 
423268 
423285 
423286 
423289 
423292 
423293 
423296 
423299 
423300 
423303 
423306 
423307 
423310 
423327 
423328 
423331 
423334 
488871 
423335 
488873 
423338 
488876 
488877 
423341 
423342 
423345 
423348 
488885 
423349 
488886 
423352 
488890 
488891 
488899 
488901 
488904 
488905 
423369 
423370 
423373 
423376 
488913 
423377 
488914 
423380 
488918 
488919 
423383 
423384 
423387 
423390 
423391 
423394 
423411 
423412 
423415 
423418 
423419 
423422 
423425 
423426 
423429 
423432 
423433 
423436 
488983 
488985 
488988 
488989 
423453 
423454 
423457 
423460 
488997 
423461 
488998 
423464 
489002 
489003 
423467 
423468 
423471 
423474 
489011 
423475 
489013 
423478 
489016 
489017 
489025 
489026 
489030 
489031 
423495 
423496 
423499 
423502 
423503 
423506 
423509 
423510 
423513 
423516 
423517 
423520 
423537 
423538 
423541 
423544 
423545 
423548 
423551 
423552 
423555 
423558 
489095 
423559 
489097 
423562 
489100 
489101 
489109 
489110 
489114 
489115 
423579 
423580 
423583 
423586 
489123 
423587 
489125 
423590 
489128 
489129 
423593 
423594 
423597 
423600 
489137 
423601 
489138 
423604 
489142 
489143 
423621 
423622 
423625 
423628 
423629 
423632 
423635 
423636 
423639 
423642 
423643 
423646 
423668 
423669 
489207 
423671 
489209 
423673 
489212 
423676 
489213 
423677 
423680 
423681 
423684 
489221 
489222 
423686 
423689 
489226 
489227 
423691 
489235 
489237 
489240 
489241 
489249 
489250 
423715 
489254 
489255 
423719 
423720 
423721 
423745 
423746 
423748 
423749 
423751 
489319 
489321 
423785 
423786 
489324 
423788 
489325 
423790 
423791 
423793 
489333 
489334 
489338 
489339 
489347 
489349 
489352 
489353 
489361 
489362 
423827 
423828 
489366 
423830 
489367 
423832 
423833 
423835 
423869 
423870 
423872 
423874 
423875 
423877 
489431 
489433 
489436 
489437 
489445 
489446 
423911 
423912 
489450 
423914 
489451 
423916 
423917 
423919 
489459 
489461 
489464 
489465 
489473 
489474 
489478 
489479 
423953 
423954 
423956 
423958 
423959 
423961 
423995 
423996 
423998 
424000 
424001 
424003 
424037 
424038 
424040 
424042 
424043 
424045 
424079 
424080 
424082 
424084 
424085 
424087 
424121 
424122 
424124 
424126 
424127 
424129 
424163 
424164 
424166 
424168 
424169 
424171 
424205 
424206 
424208 
424210 
424211 
424213 
424247 
424248 
424250 
424252 
424253 
424255 
424289 
424290 
424292 
424294 
424295 
424297 
424331 
424332 
424334 
424336 
424337 
424339 
424373 
424374 
424376 
424378 
424379 
424381 
424415 
424416 
424418 
424420 
424421 
424423 
424457 
424458 
424460 
424462 
424463 
424465 
424499 
424500 
424502 
424504 
424505 
424507 
424541 
424542 
424544 
424546 
424547 
424549 
424583 
424584 
424586 
424588 
424589 
424591 
424625 
424626 
424628 
424630 
424631 
424633 
424667 
424668 
424670 
424672 
424673 
424675 
424709 
424710 
424712 
424714 
424715 
424717 
424751 
424752 
424754 
424756 
424757 
424759 
424793 
424794 
424796 
424798 
424799 
424801 
424835 
424836 
424838 
424840 
424841 
424843 
424877 
424878 
424880 
424882 
424883 
424885 
424919 
424920 
424922 
424924 
424925 
424927 
424961 
424962 
424964 
424966 
424967 
424969 
425003 
425004 
425006 
425008 
425009 
425011 
425045 
425046 
425048 
425050 
425051 
425053 
425087 
425088 
425090 
425092 
425093 
425095 
425129 
425130 
425132 
425134 
425135 
425137 
425171 
425172 
425174 
425176 
425177 
425179 
425213 
425214 
425216 
425218 
425219 
425221 
425255 
425256 
425258 
425260 
425261 
425263 
425297 
425298 
425300 
425302 
425303 
425305 
425339 
425340 
425342 
425344 
425345 
425347 
425381 
425382 
425384 
425386 
425387 
425389 
425423 
425424 
425426 
425428 
425429 
425431 
425465 
425466 
425468 
425470 
425471 
425473 
425507 
425508 
425510 
425512 
425513 
425515 
425549 
425550 
425552 
425554 
425555 
425557 
425591 
425592 
425594 
425596 
425597 
425599 
425633 
425634 
425636 
425637 
425640 
425641 
)

// ************************************************************************* //
