/*--------------------------------*- C++ -*----------------------------------*\
  =========                 |
  \\      /  F ield         | OpenFOAM: The Open Source CFD Toolbox
   \\    /   O peration     | Website:  https://openfoam.org
    \\  /    A nd           | Version:  dev
     \\/     M anipulation  |
\*---------------------------------------------------------------------------*/
FoamFile
{
    format      binary;
    class       cellSet;
    location    "constant/polyMesh/sets";
    object      porousBlockage_x2;
}
// * * * * * * * * * * * * * * * * * * * * * * * * * * * * * * * * * * * * * //


7338
(
344065 
344066 
344067 
344070 
344073 
344074 
294925 
294927 
344080 
344081 
344082 
344083 
344085 
344086 
344087 
294935 
294937 
327706 
327712 
327714 
327715 
327716 
327717 
327718 
360494 
294960 
294962 
360501 
360505 
360506 
294970 
360507 
360508 
294972 
360509 
327741 
360510 
360511 
327743 
360512 
327745 
360514 
344130 
360515 
360516 
360517 
344133 
360518 
344135 
360520 
344136 
360521 
344137 
360523 
344139 
360524 
360525 
344141 
360526 
344142 
360527 
344143 
360528 
344144 
344145 
360530 
344146 
360531 
344147 
360532 
344149 
360534 
344150 
295002 
360539 
360540 
295004 
360541 
360542 
360544 
360545 
344161 
360546 
360547 
344163 
360548 
295012 
360549 
360550 
295014 
360551 
360552 
360554 
360555 
360561 
360563 
360564 
360565 
360566 
360571 
295037 
295039 
295047 
295049 
295058 
344212 
295060 
344213 
344214 
344216 
344218 
344220 
295068 
295070 
295072 
295074 
360613 
360614 
360617 
295082 
360619 
295084 
360621 
360623 
360630 
360632 
360633 
360634 
360635 
360636 
360638 
360639 
360640 
360642 
360643 
295107 
360644 
295109 
360646 
360647 
360649 
360651 
360652 
295116 
360653 
295118 
360655 
360656 
360657 
360658 
360661 
360663 
344288 
344292 
295151 
295160 
295161 
295166 
295170 
295171 
360710 
360711 
360714 
360716 
360718 
360720 
295186 
360729 
295193 
360730 
360732 
295197 
360734 
360735 
360736 
360737 
360738 
295203 
360740 
360741 
360742 
360745 
360749 
360750 
360751 
360753 
360754 
360755 
360756 
360760 
360763 
328080 
328082 
328084 
328086 
360856 
360857 
360860 
360862 
360864 
360866 
360868 
360869 
360871 
360873 
360874 
360875 
360876 
360877 
360879 
360880 
360881 
360884 
360888 
360889 
360890 
360892 
360893 
360894 
360895 
360899 
360902 
360905 
360906 
360909 
360911 
360913 
360915 
360917 
360918 
360920 
360922 
360923 
360924 
360925 
360926 
360928 
360929 
360930 
360933 
360937 
360938 
360939 
360941 
360942 
360943 
360944 
360948 
360951 
360975 
360976 
360979 
360981 
360983 
360985 
360987 
360988 
360990 
360992 
360993 
360994 
360995 
360996 
360998 
360999 
361000 
361003 
361007 
361008 
361009 
361011 
361012 
361013 
361014 
361018 
361021 
361045 
361046 
361049 
361051 
361053 
361055 
361057 
361058 
361060 
361062 
361063 
361064 
361065 
361066 
361068 
361069 
361070 
361073 
361077 
361078 
361079 
361081 
361082 
361083 
361084 
361088 
361091 
361150 
361151 
361154 
361156 
361158 
361160 
361162 
361163 
361165 
361167 
361168 
361169 
361170 
361171 
361173 
361174 
361175 
328409 
361178 
393947 
393948 
393950 
361182 
393951 
361183 
393952 
361184 
393953 
361186 
328418 
361187 
393956 
361188 
361189 
328421 
393958 
328422 
328423 
328424 
393961 
361193 
328426 
393963 
328427 
393964 
361196 
393965 
393966 
393967 
393968 
393969 
393971 
393972 
393973 
328438 
393975 
393976 
393977 
328441 
393979 
393980 
393999 
394001 
394003 
394006 
394007 
394009 
328487 
328490 
361269 
361270 
361273 
361275 
361277 
361279 
361281 
361282 
361284 
361286 
361287 
361288 
361289 
361290 
361292 
361293 
361294 
361297 
361301 
361302 
361303 
361305 
361306 
394075 
361307 
394076 
361308 
443230 
394078 
394079 
394080 
361312 
394081 
443235 
361315 
443236 
394084 
443237 
443238 
394086 
443239 
443241 
394089 
443242 
394091 
394092 
394093 
328557 
394094 
394095 
394096 
328560 
394097 
394099 
394100 
394101 
394103 
394104 
394105 
394107 
394108 
394118 
394120 
394122 
394125 
394126 
394128 
328592 
328595 
361367 
361368 
361371 
361373 
361375 
361377 
361379 
361380 
361382 
361384 
361385 
361386 
361387 
361388 
328620 
361390 
361391 
328623 
361392 
361395 
361399 
361400 
361401 
361403 
361404 
361405 
361406 
361410 
361413 
328648 
328651 
279501 
295895 
295901 
279519 
279520 
328676 
279525 
328679 
361465 
328697 
361466 
328700 
361469 
361471 
361473 
361475 
361477 
279557 
361478 
328711 
361480 
361482 
328714 
361483 
361484 
361485 
361486 
361488 
361489 
361490 
361493 
361497 
361498 
361499 
328732 
361501 
361502 
361503 
328735 
361504 
361508 
361511 
394284 
394285 
394287 
394288 
394289 
394290 
394293 
394295 
394298 
394300 
394301 
279613 
394302 
394303 
394304 
394305 
394306 
279618 
279619 
394308 
328772 
394309 
394310 
328775 
394312 
394313 
394314 
394316 
394317 
394320 
394322 
394324 
394327 
394328 
394330 
410729 
410730 
328811 
410733 
328813 
328814 
410735 
328815 
328816 
410737 
328817 
410739 
410741 
279669 
410742 
410744 
410746 
279674 
410747 
279675 
410748 
410749 
361597 
410750 
361598 
410752 
279680 
410753 
361601 
410754 
361603 
361607 
410762 
410763 
410765 
361613 
410766 
361614 
410767 
361615 
410768 
361616 
361617 
361619 
361620 
361621 
361623 
361624 
361625 
361628 
361631 
361632 
361633 
394403 
361635 
394404 
361636 
361637 
394406 
361638 
394407 
394408 
394409 
361641 
361643 
394412 
394414 
394417 
394419 
394420 
394421 
394422 
394423 
279735 
394424 
279736 
394425 
279738 
394427 
394428 
394429 
394431 
394432 
394433 
394435 
394436 
394439 
394441 
394443 
394446 
394447 
394449 
361707 
361709 
361711 
361712 
361713 
361714 
361715 
361718 
361719 
361721 
361722 
361723 
361725 
361728 
361729 
361730 
361731 
361732 
394501 
361733 
394502 
361734 
394504 
394505 
394506 
394507 
361739 
394510 
361742 
361743 
394512 
361744 
361745 
361746 
394515 
361747 
361748 
394517 
394518 
394519 
361751 
394520 
361752 
394521 
394522 
394523 
361755 
394525 
394526 
394527 
361759 
394529 
361761 
394530 
361762 
394531 
361763 
394533 
361765 
394534 
361766 
361767 
361768 
394537 
361769 
361770 
394539 
361771 
361772 
394541 
361773 
361775 
394544 
361776 
394545 
361778 
394547 
296243 
296247 
296248 
296249 
296252 
296253 
296258 
361806 
361807 
361808 
361810 
361811 
361813 
361816 
361819 
361823 
378209 
361826 
361827 
378213 
361830 
394599 
394600 
361833 
394602 
361834 
394603 
361835 
394604 
361836 
394605 
361837 
361838 
394608 
361840 
361841 
394610 
361842 
361844 
394613 
361845 
361846 
394615 
361847 
394616 
394617 
361849 
394618 
361850 
394619 
394620 
361852 
394621 
361853 
361854 
394623 
361855 
394624 
361856 
394625 
361858 
394627 
394628 
361860 
394629 
394631 
361863 
394632 
361864 
361866 
394635 
361867 
394637 
394639 
394642 
361874 
394643 
394645 
361878 
361882 
361883 
361884 
361885 
361886 
361887 
361888 
361892 
361894 
329148 
329150 
329151 
329152 
329154 
329156 
443846 
329160 
394697 
394698 
394700 
394701 
394702 
394703 
394706 
443860 
394708 
443861 
443862 
443863 
394711 
443865 
394713 
443866 
394714 
443867 
394715 
443868 
394716 
443869 
394717 
443870 
394718 
443871 
394719 
443872 
443873 
394721 
443874 
394722 
443875 
394723 
443876 
394725 
443878 
394726 
394727 
443880 
443881 
394729 
443882 
394730 
443884 
443885 
394733 
443886 
394735 
443888 
394737 
280049 
280051 
443892 
394740 
394741 
443894 
394743 
345596 
345597 
345598 
345601 
361987 
345603 
361988 
361989 
361990 
361991 
361992 
361993 
345609 
361995 
345611 
345612 
345613 
345615 
345616 
345617 
345618 
345619 
345620 
362005 
345621 
345622 
345623 
362009 
362010 
362011 
345627 
362012 
345628 
362013 
345630 
362015 
362016 
362017 
345633 
362019 
345635 
362020 
362021 
345637 
362022 
345638 
362024 
345640 
362025 
362026 
345642 
362027 
345643 
362028 
345644 
362029 
362030 
345646 
362031 
345647 
362032 
345648 
345649 
362034 
345650 
362035 
362036 
362042 
362043 
345662 
362047 
345663 
394816 
345664 
394817 
362049 
345665 
362050 
345666 
280130 
394819 
362051 
345667 
394820 
362052 
345668 
280132 
394821 
394822 
362054 
362055 
362056 
345672 
394825 
345674 
394827 
362060 
394830 
394832 
394833 
394834 
394835 
394836 
394837 
394838 
394840 
362072 
394841 
362073 
394842 
362074 
394844 
362076 
394845 
394846 
394848 
394849 
394852 
394854 
394856 
394859 
394860 
394862 
394865 
394866 
394868 
394869 
394870 
394871 
394874 
394876 
394879 
394881 
280193 
394882 
394883 
280195 
394884 
394885 
394886 
394887 
394889 
394890 
394891 
394893 
394894 
394895 
394897 
394898 
394901 
296598 
394903 
296600 
394905 
296603 
394908 
394909 
296605 
394911 
394914 
394915 
394917 
394918 
394919 
394920 
394923 
394925 
394928 
394930 
394931 
394932 
394933 
394934 
394935 
394936 
394938 
394939 
394940 
394942 
394943 
394944 
280256 
394946 
280258 
394947 
296644 
394950 
296646 
394952 
394954 
296650 
296652 
394957 
394958 
394960 
280319 
395009 
280321 
395010 
395012 
395013 
395014 
395015 
395018 
395020 
296718 
395023 
296720 
395025 
395026 
395027 
395028 
296724 
395029 
395030 
296726 
395031 
395033 
395034 
395035 
395037 
395038 
395039 
395041 
395042 
395058 
395060 
395062 
395065 
395066 
395068 
280382 
296767 
280384 
296769 
296773 
296775 
296809 
296811 
296815 
296817 
280445 
280447 
296844 
395149 
395150 
296846 
395151 
395152 
395153 
395154 
296850 
395155 
296852 
395157 
395161 
395163 
395164 
395166 
395167 
395168 
395177 
395178 
395179 
395181 
395182 
395183 
395184 
395186 
395187 
395188 
395189 
395190 
296886 
395191 
395192 
296888 
395194 
395196 
296892 
280508 
395197 
395198 
296894 
280510 
395204 
395205 
395209 
395211 
395212 
395213 
395214 
395215 
395216 
395217 
395218 
395222 
296928 
296930 
296934 
296936 
395241 
395242 
395243 
395245 
280564 
280566 
296970 
296972 
34829 
296976 
296978 
18450 
296991 
296993 
296997 
280614 
296999 
280616 
297024 
297026 
297029 
297031 
297064 
297068 
329840 
297072 
297073 
329842 
297074 
329844 
297077 
297079 
329850 
297083 
329852 
329853 
444615 
444616 
444617 
444618 
444621 
444624 
444636 
444637 
444641 
444643 
444644 
444645 
444646 
444647 
444648 
444649 
444653 
444657 
51463 
35082 
18704 
362784 
362786 
362790 
362800 
362801 
362803 
280922 
280923 
280932 
280938 
280986 
280992 
281001 
281002 
313784 
297405 
297414 
330189 
330192 
412115 
412116 
412119 
412121 
281049 
412123 
412125 
412127 
281055 
412128 
412130 
281058 
412132 
412133 
412134 
412135 
412136 
412138 
412139 
412140 
330224 
330227 
412148 
412149 
412151 
412152 
412153 
412154 
68095 
51715 
35336 
18959 
281104 
281107 
281113 
346660 
346664 
346667 
346668 
346669 
346671 
330287 
346672 
346673 
346674 
330290 
346675 
346676 
346677 
346678 
281142 
346682 
346684 
346686 
346687 
346688 
346689 
346690 
346691 
346693 
346694 
346696 
346697 
346698 
346700 
281164 
346701 
346705 
346707 
346712 
346713 
330329 
346714 
346715 
346716 
330332 
346717 
346718 
346719 
346720 
346721 
346722 
346723 
346725 
346727 
346734 
346736 
346737 
346738 
346739 
346744 
330364 
379518 
346750 
379519 
346751 
330367 
395904 
346752 
395906 
346754 
346755 
379524 
346757 
395911 
346761 
379530 
346763 
379532 
346764 
379533 
346765 
379534 
346766 
346767 
379536 
379537 
346769 
379538 
346770 
379539 
346771 
379540 
379541 
346773 
379542 
346774 
379543 
346775 
379544 
346776 
379545 
346777 
379548 
379549 
346781 
395934 
379550 
395935 
379551 
330399 
346784 
395937 
346785 
379554 
330402 
346787 
379556 
346789 
379558 
346790 
379559 
346791 
346792 
379561 
346794 
379563 
346795 
379564 
346796 
379565 
346797 
346798 
379567 
379568 
346800 
379569 
346801 
379570 
346802 
379571 
346804 
346805 
346806 
346807 
346808 
346809 
346810 
346811 
346814 
379583 
379584 
346816 
379585 
379586 
330434 
379587 
379588 
379589 
346821 
330437 
379593 
379595 
346842 
346844 
346846 
346847 
346848 
346849 
346850 
346851 
346853 
346854 
346855 
346856 
346858 
346859 
346860 
330476 
330479 
346866 
346869 
314101 
346871 
84727 
346873 
314106 
346875 
314107 
346876 
346877 
346878 
346879 
346880 
346881 
330497 
346882 
51970 
346883 
330500 
346885 
346887 
35591 
19213 
346894 
314126 
346896 
346899 
346900 
346901 
346902 
330518 
346903 
346904 
346905 
330521 
346906 
346907 
346909 
346910 
346912 
346914 
346916 
346918 
330558 
330561 
346952 
346953 
346954 
346955 
346956 
346957 
346958 
346961 
346963 
346966 
346967 
346968 
346969 
346971 
346973 
346975 
346976 
346977 
346979 
346980 
346994 
330610 
346995 
346996 
346997 
330613 
346998 
346999 
330616 
347002 
330618 
347004 
330622 
347007 
330637 
330638 
330639 
330640 
330641 
330642 
347027 
330643 
347028 
347030 
347031 
347032 
347033 
347036 
281501 
347038 
347041 
281506 
347043 
281507 
347044 
347045 
347046 
347047 
281511 
347048 
281512 
347049 
347051 
347052 
347053 
347055 
347056 
347057 
347059 
347060 
347063 
347065 
347067 
347070 
347071 
347073 
84936 
347138 
52226 
347139 
347141 
347142 
347143 
347144 
347147 
347149 
19469 
347152 
347154 
347155 
347156 
347157 
347158 
347159 
347160 
347162 
347163 
347164 
347166 
347167 
347168 
347170 
347171 
347174 
347176 
347178 
347181 
347182 
347184 
347208 
347209 
347211 
347212 
347213 
347214 
347217 
347219 
347222 
298070 
347224 
347225 
347226 
347227 
298075 
347228 
347229 
347230 
347232 
298080 
347233 
347234 
347236 
347237 
347238 
347240 
347241 
347244 
347246 
347248 
347251 
347252 
314485 
347254 
314488 
314489 
314490 
347320 
347321 
347323 
347324 
347325 
347326 
347329 
347331 
347334 
85191 
347336 
347337 
347338 
347339 
347340 
347341 
347342 
347344 
347345 
347346 
347348 
347349 
347350 
347352 
347353 
347356 
347358 
347360 
347363 
347364 
347366 
281853 
52481 
281858 
281859 
281863 
281864 
19724 
281869 
347432 
347433 
347435 
347436 
347437 
347438 
347441 
347443 
347446 
281910 
347448 
347449 
347450 
281914 
347451 
281915 
347452 
281916 
347453 
347454 
347456 
281920 
347457 
347458 
347460 
347461 
281925 
347462 
281926 
347464 
347465 
347468 
347470 
347472 
347475 
347476 
347478 
281972 
281977 
281978 
281982 
281983 
281988 
347544 
347545 
347547 
347548 
347549 
347550 
347553 
347555 
347558 
347560 
347561 
347562 
347563 
282027 
347564 
347565 
298413 
347566 
282030 
347568 
298416 
282032 
347569 
347570 
298418 
282035 
347572 
347573 
282037 
347574 
347576 
347577 
347580 
347582 
347584 
347587 
347588 
347590 
85447 
445898 
282064 
282066 
282070 
282072 
298466 
298469 
298471 
52737 
282117 
282119 
347656 
347657 
347659 
282123 
347660 
19980 
347661 
282125 
347662 
347665 
347667 
314900 
347670 
314902 
347672 
347673 
347674 
347675 
347676 
347677 
347678 
445984 
347680 
445985 
347681 
445986 
347682 
445988 
347684 
445989 
347685 
347686 
445991 
347688 
331304 
298536 
347689 
331305 
445994 
331306 
298539 
347692 
331308 
331309 
298541 
347694 
331310 
347696 
347699 
347700 
347702 
282166 
282168 
282172 
282174 
347747 
347748 
347750 
347751 
347752 
347753 
298602 
347756 
298605 
347758 
282222 
298607 
282224 
347761 
347763 
347764 
282228 
347765 
347766 
282230 
347767 
347768 
347769 
347771 
347772 
347773 
347775 
347776 
347777 
347779 
446087 
347783 
347785 
347787 
446094 
347790 
347791 
347793 
282271 
282273 
282277 
282279 
298668 
298671 
298673 
446134 
446135 
446136 
446138 
446139 
446141 
347838 
347839 
347841 
347842 
347843 
347844 
347847 
85703 
347849 
446156 
347852 
347854 
347855 
347856 
282320 
347857 
446162 
347858 
282322 
446163 
446164 
347860 
446166 
347862 
282326 
446167 
347864 
282328 
446169 
347867 
347868 
446173 
347870 
347874 
347876 
347878 
298727 
347881 
347882 
298730 
347883 
347884 
298732 
347886 
282369 
52993 
282371 
282375 
282377 
20236 
446247 
446248 
298793 
298796 
298798 
282418 
282420 
282424 
282426 
413501 
413502 
413505 
413507 
413509 
413511 
413513 
413514 
413516 
413518 
413519 
413520 
413521 
413522 
413524 
413525 
347989 
413526 
347990 
347991 
347992 
347995 
282460 
347997 
413534 
282462 
413535 
348000 
413537 
348001 
413538 
282466 
413539 
348003 
413540 
282468 
348005 
348007 
348010 
348011 
298859 
348013 
298862 
298864 
331635 
331636 
331637 
331638 
331639 
331640 
331641 
348027 
348028 
348029 
348031 
282506 
282508 
282511 
282513 
495532 
298925 
298928 
298930 
282548 
348085 
282549 
315319 
348089 
315321 
282554 
348092 
348093 
282558 
282559 
348096 
348099 
348100 
348101 
348102 
348103 
85959 
348104 
495562 
348106 
348107 
495564 
348108 
348110 
495567 
348111 
348112 
495569 
348113 
315346 
348115 
348116 
315348 
348118 
495575 
348119 
348120 
348121 
348122 
348124 
282588 
348126 
282592 
348129 
298977 
348130 
348132 
298980 
348133 
282597 
298982 
282598 
282601 
282603 
348140 
315373 
315375 
282607 
348144 
348148 
348149 
348150 
348151 
348152 
348153 
348154 
348158 
348160 
53249 
315400 
315402 
299018 
20492 
299021 
299023 
348176 
348177 
348178 
348179 
348180 
348181 
348182 
348184 
282651 
348194 
315427 
282660 
315429 
282661 
348198 
282662 
348199 
348200 
348201 
348202 
282666 
282667 
348204 
282668 
348205 
348206 
299055 
282671 
348208 
348209 
299057 
348210 
348211 
348213 
299061 
282677 
348214 
348215 
348216 
348217 
348218 
348219 
348220 
348221 
315454 
348223 
348224 
315456 
348225 
348231 
348232 
348236 
348238 
348239 
348240 
348241 
315474 
348243 
348244 
315476 
348245 
348249 
282714 
348252 
348254 
282718 
348255 
348256 
348258 
282723 
282724 
315494 
348263 
315496 
282729 
282733 
348275 
348277 
348281 
348282 
348283 
348285 
348286 
348287 
348288 
348289 
348292 
348293 
348295 
348296 
348297 
348299 
348302 
348303 
348304 
348305 
348306 
348307 
348308 
348313 
348316 
348317 
348318 
348319 
348320 
348321 
348322 
348323 
348325 
348326 
348329 
348330 
348333 
348335 
348336 
348337 
348339 
348340 
348341 
331957 
348342 
331958 
348343 
331959 
348344 
331960 
348345 
331961 
348346 
331962 
348347 
331963 
348349 
348350 
348352 
348354 
348359 
86215 
348360 
348361 
348363 
348364 
348366 
348369 
348372 
348376 
348378 
348379 
348380 
348383 
348386 
348387 
348388 
348389 
348390 
332006 
348391 
332007 
332008 
348393 
332009 
348394 
332010 
348395 
332011 
332012 
348397 
348398 
348399 
348400 
348402 
348403 
348404 
348405 
348406 
348407 
348408 
348409 
348411 
348413 
348415 
348416 
528641 
348417 
53505 
332034 
348419 
332035 
348420 
332036 
332037 
332038 
332039 
332040 
20748 
348429 
332055 
348440 
332056 
348441 
332057 
348442 
332058 
348443 
332059 
348444 
332060 
348445 
332061 
348446 
332076 
332077 
332078 
332079 
332080 
332081 
332082 
381239 
381243 
381246 
381247 
381248 
332097 
381250 
332098 
381251 
332099 
381252 
332100 
381253 
332101 
381254 
332102 
381255 
332103 
381256 
381257 
381259 
381260 
381261 
381262 
381263 
381265 
381266 
381268 
381269 
381270 
381272 
381273 
381277 
332125 
332126 
381279 
332127 
332128 
332129 
332130 
332131 
381284 
381285 
381286 
381287 
381288 
381289 
381290 
381291 
381292 
381293 
381294 
381295 
381296 
381297 
332146 
381299 
332147 
332148 
332149 
332150 
332151 
332152 
381306 
381308 
381309 
381310 
381311 
332160 
332161 
332162 
332163 
332164 
332165 
332166 
332188 
332189 
332190 
332191 
381344 
332192 
332193 
332194 
381350 
381361 
381363 
381364 
381366 
381368 
381369 
381376 
381378 
381380 
381382 
381383 
86471 
381385 
381386 
381387 
381389 
381390 
381393 
381395 
381396 
381397 
381399 
381400 
381402 
381403 
315890 
53761 
21004 
365077 
365079 
365081 
365082 
365084 
365085 
365086 
381471 
365088 
365089 
365090 
365091 
365092 
381477 
365093 
365094 
365095 
365097 
381483 
365099 
381484 
365101 
381486 
447023 
365103 
381488 
365104 
447025 
381489 
365105 
381490 
365106 
365107 
381492 
365108 
381494 
381496 
381497 
365113 
381499 
381500 
381501 
365117 
381503 
381504 
381507 
381509 
381510 
365126 
381511 
381513 
365129 
381514 
365131 
381516 
365132 
381517 
365138 
365140 
365142 
365144 
86727 
299737 
332520 
332521 
332522 
332523 
332524 
332525 
381687 
381693 
54017 
381699 
381700 
332549 
381702 
381704 
381705 
381706 
381708 
21260 
381710 
381712 
381713 
381715 
381716 
381717 
381719 
381720 
381723 
316188 
381725 
381726 
381727 
316191 
316192 
381729 
381730 
381732 
381733 
316200 
496484 
496485 
381799 
381805 
381811 
381812 
381814 
381816 
381817 
381818 
398204 
381820 
398206 
381822 
398208 
381824 
381825 
496514 
398211 
381827 
398212 
381828 
398213 
381829 
398215 
381831 
398216 
381832 
398217 
398218 
398219 
381835 
398220 
398221 
381837 
398222 
381838 
398223 
381839 
398224 
398225 
381841 
398226 
381842 
398227 
398228 
381844 
381845 
398232 
398233 
398237 
398246 
398249 
398251 
398252 
398258 
398259 
398260 
398262 
398264 
86983 
381911 
381917 
381923 
381924 
381926 
381928 
381929 
381930 
381932 
381934 
381936 
381937 
381939 
381940 
381941 
381943 
381944 
381947 
381949 
381950 
381951 
381953 
54273 
381954 
381956 
381957 
21516 
300068 
300070 
300075 
382023 
382029 
382035 
283731 
382036 
283732 
382038 
382040 
283736 
382041 
382042 
382044 
382046 
283742 
382048 
382049 
382051 
382052 
382053 
382055 
382056 
382059 
382061 
382062 
382063 
382065 
382066 
382068 
382069 
382093 
414866 
414867 
382099 
414870 
414872 
382105 
414874 
382106 
414876 
382108 
414878 
382110 
414879 
382111 
382112 
414881 
382114 
414883 
414884 
382116 
414885 
414886 
382118 
414887 
382119 
414889 
382121 
414890 
382122 
414891 
382123 
382125 
382126 
382129 
414899 
382131 
414900 
382132 
382133 
414902 
414903 
382135 
414904 
382136 
414905 
382138 
382139 
316614 
87239 
316617 
316618 
316619 
382163 
382169 
382175 
382176 
382178 
382180 
382181 
382182 
316646 
382184 
382186 
382188 
382189 
382191 
382192 
382193 
382195 
382196 
382199 
382201 
382202 
382203 
382205 
382206 
316671 
382208 
316672 
382209 
54529 
382212 
382218 
21772 
382224 
382225 
382227 
382229 
382230 
382231 
382233 
382235 
382237 
382238 
382240 
382241 
382242 
382244 
382245 
382248 
382250 
382251 
382252 
382254 
382255 
382257 
382258 
300363 
300365 
300371 
382296 
382302 
382308 
382309 
382311 
382313 
382314 
382315 
382317 
382319 
382321 
382322 
382324 
382325 
382326 
382328 
382329 
382332 
382334 
382335 
382336 
382338 
382339 
382341 
382342 
333208 
284078 
284083 
284084 
284088 
284089 
284094 
284100 
87494 
382442 
382448 
382460 
382461 
382462 
382463 
382464 
54784 
382465 
382466 
38405 
382473 
382475 
22027 
382477 
382479 
382480 
382482 
382483 
382484 
382486 
382487 
382490 
382492 
382493 
382494 
382496 
382497 
382499 
382500 
349745 
349752 
316990 
382591 
382593 
382595 
382596 
382597 
382605 
382606 
382609 
382610 
382612 
382614 
382616 
382619 
382620 
382621 
382622 
382623 
382624 
382625 
382628 
382630 
382633 
382634 
382635 
382636 
382637 
382638 
382639 
382642 
382643 
382646 
300726 
300728 
382650 
382652 
382653 
300734 
382661 
382662 
382663 
382664 
382665 
382666 
382667 
382668 
382669 
382670 
382671 
382673 
382674 
382676 
382683 
382684 
382685 
382687 
382688 
382690 
382693 
382696 
382700 
333549 
382703 
333551 
382704 
333552 
333554 
382707 
333555 
382710 
382711 
382712 
382713 
382714 
382715 
382717 
71421 
382718 
382719 
382721 
382722 
55042 
382723 
382724 
382726 
38662 
382727 
382729 
382730 
382731 
382732 
382733 
22285 
382735 
382737 
382740 
382741 
382743 
382744 
284448 
382753 
284449 
284453 
284454 
284458 
284459 
382764 
382765 
382766 
382767 
382768 
284464 
382769 
382770 
284512 
284516 
284517 
284518 
284522 
284527 
284528 
284566 
284567 
284569 
284571 
284575 
317345 
317348 
317349 
317350 
317351 
317353 
317354 
333745 
333747 
333748 
333750 
333751 
284606 
284609 
284611 
333766 
333768 
333769 
333771 
333772 
333780 
333782 
333783 
333785 
333786 
333794 
333796 
333797 
333799 
333800 
333801 
333803 
333804 
333806 
333807 
333808 
333810 
333811 
333813 
333814 
333815 
333817 
333818 
333820 
333821 
333822 
333824 
333825 
284673 
333827 
55299 
333828 
284676 
333829 
284678 
333831 
333832 
38920 
333834 
333835 
448524 
22543 
448529 
333843 
333845 
333846 
333848 
333849 
301083 
301085 
301091 
284708 
284711 
284713 
333866 
333868 
333869 
333870 
333871 
333872 
284750 
284753 
284755 
284799 
284802 
284804 
284855 
284858 
284860 
284904 
284907 
284909 
317681 
317682 
317683 
317685 
317686 
317687 
317691 
317709 
317711 
22800 
317713 
317717 
317719 
317721 
284953 
317722 
284956 
284958 
317739 
317744 
317745 
317746 
317747 
317748 
317749 
317750 
284995 
284998 
285000 
317773 
317776 
317782 
317784 
285044 
285046 
285048 
301440 
301442 
301448 
285076 
285080 
285085 
285086 
285089 
285091 
285095 
285111 
285120 
285121 
285122 
285126 
285131 
285137 
416231 
416232 
416235 
416237 
416239 
285167 
416241 
416243 
285171 
416244 
416246 
416248 
285176 
416249 
285177 
416250 
416251 
416252 
416254 
285182 
416255 
416256 
285186 
350723 
285187 
350727 
416264 
416265 
350729 
350730 
416267 
350731 
416268 
350732 
416269 
350733 
416270 
350734 
350736 
350738 
350739 
350740 
350747 
350748 
350750 
350751 
350752 
350757 
285223 
285227 
285233 
350771 
350772 
350773 
350774 
350775 
350776 
350777 
367209 
367215 
367216 
367217 
367218 
367219 
367220 
367222 
367226 
367228 
367229 
367230 
367231 
367232 
367233 
367234 
367235 
367236 
367238 
367239 
367240 
367242 
367249 
367256 
367257 
367259 
367261 
367262 
367263 
367264 
367265 
367266 
367267 
367268 
367269 
367270 
367272 
367273 
367274 
367276 
367278 
367279 
367280 
367281 
367282 
367283 
367286 
367288 
318179 
301797 
318182 
301799 
301805 
367368 
367370 
367372 
367374 
367375 
367376 
367377 
367378 
367379 
318228 
367381 
367382 
367383 
318231 
367384 
367386 
367387 
367388 
367394 
367396 
367397 
367399 
367401 
367403 
367404 
367405 
367406 
367407 
367408 
367409 
367411 
367413 
367415 
318263 
318266 
367422 
367424 
367426 
367427 
367428 
367429 
367430 
367431 
367432 
367433 
367434 
367435 
367437 
367440 
367442 
318291 
367444 
367446 
318294 
367473 
367474 
367475 
367476 
367477 
367478 
318326 
367479 
318329 
367482 
367484 
367487 
367488 
367489 
367490 
367491 
367492 
367493 
367495 
367499 
367502 
367505 
318361 
318364 
367519 
367520 
367521 
367522 
367523 
367524 
367527 
367533 
367534 
367535 
367536 
367538 
318396 
318399 
318424 
318427 
367589 
367590 
367591 
367592 
367593 
367594 
367595 
367598 
367600 
367603 
367604 
367605 
367606 
367607 
367608 
367609 
367611 
318459 
318462 
367615 
367618 
367621 
367639 
367640 
367641 
367643 
367644 
318499 
367653 
367654 
318502 
367655 
367656 
367658 
302147 
302149 
302155 
449627 
384097 
400521 
400526 
400528 
400529 
400530 
400531 
400532 
400533 
400534 
400535 
400541 
400542 
400546 
400549 
400551 
400552 
400553 
400555 
400556 
400561 
400563 
400565 
400566 
367798 
367799 
400568 
367800 
400569 
367801 
367802 
367803 
367804 
367807 
367809 
367812 
367813 
367814 
367815 
367816 
367817 
367818 
367820 
367824 
367827 
367830 
285911 
285917 
367841 
367842 
367843 
367845 
367846 
367848 
367849 
367850 
367851 
367853 
367910 
367911 
367912 
367913 
367914 
367915 
367916 
367919 
367921 
367924 
367925 
367926 
367927 
367928 
367929 
367930 
367932 
367936 
367939 
367942 
400717 
367953 
400722 
367954 
367955 
400724 
400725 
367957 
400726 
367958 
400727 
400728 
367960 
400729 
367961 
400730 
367962 
400731 
367963 
367965 
367966 
367967 
367968 
400737 
367969 
400738 
367970 
367971 
367972 
400742 
367975 
400745 
367977 
400747 
400748 
367980 
400749 
367981 
367982 
400751 
367983 
400752 
367984 
367985 
367986 
367988 
400757 
400759 
367992 
400761 
400762 
367995 
400764 
400765 
367998 
368009 
368010 
368011 
368013 
368014 
368016 
368017 
368018 
368019 
368021 
302504 
302506 
368043 
368044 
368045 
368046 
368047 
368048 
302512 
368049 
368052 
368054 
368057 
368058 
318906 
368059 
368060 
368061 
368062 
318910 
368063 
368065 
318913 
318915 
318916 
368069 
318917 
318918 
318919 
368072 
368075 
368086 
368087 
368088 
368090 
368091 
368093 
368094 
368095 
368096 
368098 
318949 
318951 
318952 
318953 
318955 
318957 
318961 
368120 
368121 
368122 
368123 
368124 
368125 
368126 
368129 
368131 
368134 
368135 
318983 
368136 
318984 
368137 
318985 
368138 
318986 
368139 
318987 
368140 
318988 
368142 
368146 
318996 
368149 
368152 
368163 
368164 
319012 
368165 
368167 
368168 
368170 
319018 
368171 
368172 
319020 
286252 
368173 
319021 
319022 
368175 
319023 
319024 
286256 
286257 
286258 
286261 
286262 
319033 
400955 
286267 
319037 
400960 
400962 
400963 
400964 
400965 
368197 
400966 
368198 
400967 
368199 
400968 
368200 
400969 
368201 
368202 
368203 
400975 
400976 
368211 
400980 
368212 
368213 
368214 
400983 
368215 
368216 
400985 
368217 
400986 
400987 
368219 
400989 
400990 
368223 
368226 
400995 
400997 
368229 
400999 
401000 
401002 
401003 
368240 
368241 
368242 
368244 
368245 
368247 
368248 
368249 
368250 
368252 
368309 
368310 
368311 
368312 
368313 
368314 
368315 
368323 
368324 
368325 
368326 
368327 
368328 
368329 
368331 
368335 
368338 
368341 
368347 
368349 
368352 
368353 
368354 
368356 
368357 
368359 
368360 
368361 
368362 
368364 
302861 
302863 
302869 
401186 
368421 
368422 
401191 
368423 
368424 
401193 
368425 
401194 
368426 
401195 
368427 
401196 
401197 
401198 
401199 
401200 
368435 
368436 
368437 
401206 
368438 
401207 
368439 
368440 
368441 
401211 
368443 
417596 
417597 
401214 
368447 
417600 
401216 
401217 
417602 
401218 
368450 
417604 
401220 
401221 
368453 
417606 
417608 
417609 
401226 
417611 
368459 
401228 
417613 
368461 
417614 
401230 
417615 
401231 
417616 
368464 
417617 
401233 
368465 
401234 
368466 
417619 
417620 
368468 
417621 
368469 
368471 
368472 
368473 
368474 
368476 
417629 
417630 
417632 
417633 
417634 
417635 
319365 
319367 
319369 
319371 
286612 
286617 
286618 
286622 
286623 
286628 
286634 
368567 
368568 
368569 
368570 
368571 
368572 
368573 
368581 
368582 
368583 
368584 
368585 
368586 
368587 
368589 
368593 
368596 
368599 
286681 
286682 
368606 
286686 
368607 
286687 
368610 
368611 
286691 
368612 
286692 
368614 
368615 
286697 
368621 
368622 
368623 
368624 
368626 
401396 
401401 
401403 
401404 
401405 
401406 
401407 
401408 
401409 
401410 
401416 
401417 
286729 
286731 
401421 
401424 
286737 
401426 
401427 
401428 
286740 
401430 
401431 
401436 
401438 
368671 
401440 
401441 
401443 
368675 
401444 
368678 
368679 
368682 
368685 
368686 
368687 
368688 
368689 
368690 
286770 
385075 
368692 
286772 
368693 
368694 
385079 
368696 
385081 
368697 
385082 
368698 
286778 
385083 
368699 
385084 
385085 
368701 
385086 
368702 
385088 
368704 
368705 
385090 
368706 
385091 
368707 
385092 
368708 
368710 
368712 
385099 
368715 
385100 
368716 
385102 
368718 
385103 
368719 
385104 
385109 
368726 
368730 
368734 
368735 
368736 
368737 
368738 
385123 
368739 
385124 
368740 
385125 
385126 
385127 
385128 
368744 
385129 
368746 
303211 
303213 
303219 
286837 
286839 
368762 
368763 
368764 
368765 
286845 
368766 
368767 
368768 
368770 
368780 
368784 
368785 
368786 
368787 
368788 
368790 
368791 
368792 
368794 
368795 
368796 
368797 
368799 
286879 
368800 
368801 
286881 
368802 
368803 
368804 
368805 
368806 
368807 
286887 
368809 
368810 
368811 
368817 
368818 
286900 
368822 
286902 
368824 
368825 
368826 
368827 
286908 
368829 
368830 
368831 
368835 
401606 
368840 
368841 
368842 
401611 
368844 
401613 
401614 
401615 
401616 
401617 
368849 
401618 
401619 
401620 
319703 
286935 
286937 
401626 
319706 
401627 
319707 
319708 
319709 
401631 
319711 
286943 
319712 
401634 
401636 
401637 
401638 
401640 
401641 
401646 
319727 
401648 
319728 
319729 
401650 
401651 
319731 
286963 
319732 
401653 
319733 
286965 
401654 
319737 
286971 
319762 
319766 
286998 
287000 
319770 
319771 
319772 
319774 
287006 
319775 
368938 
368940 
368944 
368946 
368948 
368949 
319797 
368950 
319798 
368951 
319799 
368952 
319801 
287033 
319802 
368955 
319803 
287035 
368956 
368958 
368959 
368960 
287041 
368962 
368965 
368966 
368967 
368968 
368969 
368970 
368971 
368976 
287061 
287063 
319832 
319833 
368986 
319834 
368987 
319835 
368988 
319836 
368989 
319837 
287069 
368990 
319838 
368991 
368992 
368998 
369000 
369001 
369009 
369011 
369013 
369014 
369015 
287096 
369018 
287098 
319867 
319868 
319869 
319870 
319871 
319872 
287104 
319873 
319881 
319882 
319883 
319884 
319885 
319886 
319887 
319895 
401816 
319896 
319897 
319898 
319899 
319900 
401821 
319901 
401823 
401824 
401825 
401826 
287138 
401827 
401828 
287140 
401829 
401830 
287144 
401836 
401837 
287149 
401841 
319923 
287155 
401844 
319924 
319925 
401846 
319926 
401847 
319927 
401848 
319928 
319929 
401850 
401851 
401856 
303552 
401858 
303554 
287171 
401860 
401861 
401863 
287175 
401864 
319944 
303560 
319945 
319946 
319948 
287180 
319949 
287181 
287186 
287190 
287191 
319972 
319973 
319974 
319976 
319977 
319993 
319994 
319995 
287227 
319997 
319998 
287231 
287236 
287237 
287240 
287242 
287246 
320021 
320022 
320023 
320025 
320026 
320061 
320062 
320063 
320065 
320066 
320113 
320116 
320117 
320119 
320121 
320125 
402047 
402052 
402054 
402055 
402056 
402057 
402058 
402059 
402060 
402061 
402067 
320147 
402068 
320148 
320149 
320150 
320151 
402072 
320152 
402075 
402077 
402078 
402079 
320160 
402081 
402082 
402087 
402089 
402091 
402092 
402094 
402095 
320197 
320203 
320205 
320206 
320207 
320208 
320209 
353034 
353035 
303886 
353040 
353046 
353048 
353049 
353050 
353052 
353053 
353054 
353055 
353056 
353057 
353058 
353059 
353060 
353061 
353064 
353065 
353066 
353070 
353072 
353074 
353075 
353077 
353079 
353081 
353083 
353084 
353085 
353086 
353087 
353089 
353093 
353095 
353096 
353097 
353098 
353099 
353100 
353101 
353103 
353104 
402257 
353106 
353108 
402262 
353111 
402264 
402265 
353113 
402266 
402267 
353115 
402268 
402269 
402270 
287582 
402271 
402277 
402278 
287591 
402282 
402285 
402287 
402288 
402289 
402291 
402292 
402297 
402299 
402301 
402302 
402304 
402305 
353209 
353216 
353217 
353218 
353220 
353221 
353222 
353223 
353224 
353225 
353226 
353227 
353233 
353236 
353237 
353238 
353239 
353240 
353242 
353243 
353245 
353246 
353247 
353248 
353249 
353250 
402404 
353254 
353256 
402409 
402411 
402412 
402413 
353261 
402414 
353262 
402415 
353263 
402416 
353264 
402417 
353265 
402418 
353266 
353267 
353268 
353269 
353270 
353271 
402424 
353272 
402425 
353273 
353274 
353276 
402429 
353277 
402432 
402434 
402435 
353283 
402436 
353285 
402438 
353286 
402439 
353287 
353288 
402444 
402446 
402448 
402449 
402451 
402452 
320547 
320549 
320550 
320551 
320553 
320555 
320556 
320557 
320559 
353383 
451688 
353384 
353385 
353388 
353390 
353396 
353397 
353398 
353399 
353400 
353402 
353403 
353404 
353406 
353407 
353408 
353409 
353410 
353414 
353415 
353417 
353418 
353420 
402574 
353422 
353423 
353424 
418961 
353425 
418962 
402579 
353427 
353428 
418965 
402581 
353429 
402582 
353430 
418967 
402583 
353431 
402584 
418969 
402585 
353433 
402586 
353434 
418971 
402587 
353435 
402588 
353436 
418973 
353437 
418974 
418976 
418978 
402594 
418979 
402595 
353443 
418980 
418981 
353445 
418982 
353446 
402599 
353447 
418984 
353448 
418985 
353449 
418986 
402602 
353450 
353451 
402604 
402605 
402606 
353454 
402608 
353456 
402609 
418994 
418995 
418997 
353461 
418998 
402614 
418999 
419000 
402616 
402618 
402619 
402621 
402622 
353529 
353530 
353532 
353534 
353536 
353537 
353538 
353539 
353540 
353541 
353542 
353543 
353544 
353545 
353549 
353552 
353553 
353554 
353555 
353556 
353558 
353559 
353564 
353566 
353567 
353568 
353569 
353570 
402728 
353577 
402730 
353578 
402732 
402733 
402734 
402735 
402736 
402739 
402740 
402742 
402746 
402749 
402751 
402752 
402753 
402754 
402755 
402758 
402760 
353616 
402770 
402771 
402772 
402773 
353621 
402774 
402775 
353623 
402776 
353624 
353625 
353626 
353627 
353628 
353629 
402782 
353630 
402784 
402785 
353636 
353637 
402793 
353641 
402794 
402795 
353644 
402797 
402798 
353646 
402799 
353647 
353648 
353650 
353651 
353656 
353658 
353660 
353661 
353663 
353664 
353748 
353753 
353755 
353756 
353757 
353758 
353759 
353760 
353761 
353762 
353768 
353769 
353773 
353776 
353778 
353779 
353780 
353782 
353783 
353788 
353790 
288255 
353792 
353793 
353795 
353796 
288261 
288266 
288271 
353811 
353816 
353818 
353819 
353820 
353821 
353822 
353823 
353824 
353825 
353831 
353832 
353836 
353839 
353841 
353842 
353843 
353845 
353846 
353851 
353853 
353855 
353856 
353858 
353859 
353895 
353900 
353902 
353903 
353904 
353905 
353906 
353907 
353908 
353909 
353915 
353916 
353920 
353923 
353925 
353926 
353927 
353929 
353930 
353935 
353937 
353939 
353940 
353942 
353943 
321232 
321233 
321234 
321236 
321238 
321242 
321244 
354035 
354040 
354042 
354043 
354044 
354046 
354048 
354049 
354055 
354056 
354060 
354063 
354065 
354066 
354067 
354069 
354070 
10009 
354075 
354077 
354079 
354080 
354082 
354083 
288606 
288610 
288611 
288612 
288616 
288621 
288622 
354168 
354173 
354175 
354176 
354177 
354179 
354181 
354182 
354188 
354189 
288653 
288654 
354193 
288658 
288659 
354196 
354198 
354199 
354200 
288664 
354201 
354202 
354203 
288670 
354208 
354210 
354211 
354212 
354213 
354214 
354215 
354216 
288688 
288690 
288697 
288699 
288727 
288729 
288737 
288739 
354308 
354313 
354315 
354316 
354317 
354319 
354321 
26641 
354322 
10261 
354328 
354329 
354333 
354336 
354337 
288801 
354338 
354339 
288803 
354340 
354341 
354342 
354343 
288811 
354348 
321580 
501805 
321581 
288813 
354350 
321582 
354351 
321583 
354352 
354353 
321585 
354354 
321586 
354355 
354356 
288843 
288845 
321615 
321616 
321617 
321619 
321620 
321621 
288853 
288855 
321625 
321643 
321644 
321645 
321646 
321648 
321649 
288885 
288887 
288895 
288897 
354434 
354439 
354441 
354442 
288906 
354443 
288908 
354445 
321678 
354447 
354448 
321680 
321681 
321683 
321684 
288916 
354454 
288918 
354455 
354459 
354462 
354463 
354464 
354465 
354466 
354467 
354468 
354469 
288934 
288936 
354474 
354476 
354477 
354478 
354479 
354480 
288944 
354481 
354482 
288946 
321720 
321722 
321723 
321725 
321726 
288969 
288971 
321741 
321743 
321744 
321746 
321747 
288979 
288981 
321762 
321764 
321765 
321767 
321768 
289011 
289013 
321783 
321785 
321786 
321788 
321789 
289021 
289023 
354560 
354565 
354567 
354568 
43272 
354569 
354571 
354573 
354574 
26895 
354580 
10516 
354581 
289046 
289048 
354585 
321818 
354588 
321820 
354589 
321821 
354590 
354591 
321823 
354592 
321824 
289056 
354593 
354594 
289058 
354595 
354600 
354602 
354603 
354604 
354605 
354606 
354607 
354608 
387384 
387386 
387388 
321853 
387390 
387391 
321855 
387392 
321856 
289088 
387393 
387394 
321858 
289090 
387395 
321859 
387396 
387397 
387398 
387399 
289097 
387402 
387403 
289099 
387404 
387408 
387410 
387412 
387413 
387415 
387417 
321881 
387419 
321883 
321884 
387421 
387422 
321886 
387423 
321887 
387424 
387425 
387427 
387429 
387431 
387433 
387434 
387435 
387436 
387437 
289133 
387438 
289134 
387439 
387440 
387441 
387442 
289139 
387444 
387446 
289143 
289144 
387449 
387451 
321916 
387453 
321918 
321919 
289152 
321921 
321922 
289156 
289161 
289162 
289165 
289167 
289171 
387476 
387477 
387478 
387479 
387481 
387483 
387484 
387485 
387486 
387487 
354720 
387490 
354723 
354724 
354725 
387494 
354726 
354728 
387497 
354730 
354731 
387500 
354732 
354733 
321965 
321967 
321968 
354737 
321969 
289201 
321970 
354740 
354741 
354742 
354743 
354744 
387513 
354745 
354746 
289210 
387515 
289211 
289212 
387519 
354751 
387520 
289216 
387521 
354753 
387522 
354754 
387523 
354755 
387524 
354756 
387525 
354757 
387528 
387533 
387534 
387535 
387536 
387537 
387538 
387539 
322004 
322011 
322012 
322013 
322014 
322015 
322016 
420326 
420327 
322024 
420330 
420332 
420334 
420336 
420338 
420339 
420341 
420343 
420344 
420345 
420346 
420347 
76283 
420349 
420350 
354814 
420351 
354815 
354816 
59904 
354817 
354818 
354819 
354820 
354822 
322054 
420359 
43527 
420360 
420362 
420363 
420364 
322060 
420365 
354829 
354830 
322062 
27150 
354831 
322063 
354832 
322064 
354833 
322065 
322066 
10770 
354835 
354836 
354837 
354839 
354840 
354841 
354842 
387611 
387612 
354844 
387613 
354845 
387614 
354846 
354847 
387616 
354848 
354849 
387618 
354850 
387619 
354851 
387620 
354852 
387621 
387622 
354854 
354855 
354856 
387625 
387629 
354862 
354863 
387632 
322096 
322098 
387635 
354867 
322099 
322100 
354869 
354870 
322102 
354871 
354872 
322104 
354874 
354875 
354876 
322108 
387648 
354880 
387650 
387652 
387653 
354885 
387654 
354886 
387655 
354887 
387656 
387657 
354889 
387658 
354894 
387666 
387667 
387668 
387669 
387670 
387671 
387672 
322137 
354906 
322138 
322139 
354908 
322140 
322141 
322142 
354912 
354914 
354916 
354917 
354918 
354919 
354920 
354923 
354924 
354926 
354927 
354928 
354930 
354933 
354934 
354935 
354936 
354937 
354938 
354939 
354944 
354947 
354948 
354949 
354950 
354951 
354952 
354953 
354956 
354957 
354960 
354964 
354966 
354967 
354968 
354970 
354971 
354972 
354973 
354974 
354975 
354976 
354977 
354978 
354980 
354981 
354983 
76536 
60159 
387841 
387842 
355074 
387843 
355075 
387844 
355076 
43781 
387846 
355078 
355079 
387848 
387849 
355081 
387850 
387851 
387852 
355084 
27404 
387855 
355087 
11025 
387859 
355091 
387862 
355094 
355095 
437017 
387865 
355098 
437021 
355101 
437022 
355102 
387871 
355103 
355104 
387873 
355105 
355106 
387875 
387876 
355108 
387877 
355109 
387878 
355110 
387879 
387880 
355112 
387881 
355113 
355114 
355115 
355117 
355118 
355120 
387889 
355121 
387890 
355122 
387891 
355123 
387892 
355124 
387893 
387894 
355126 
387895 
355128 
355130 
355131 
355132 
355134 
437055 
355135 
437056 
355142 
355146 
355150 
355151 
355152 
355153 
355154 
355155 
355156 
355158 
355160 
355162 
387967 
387968 
387969 
387970 
387972 
387974 
387975 
387976 
387977 
387978 
387981 
387985 
387988 
387991 
387997 
387999 
388001 
388002 
388003 
388004 
388005 
388006 
388007 
388015 
388016 
355248 
388017 
355249 
388018 
355250 
388019 
355251 
388020 
355252 
388021 
355253 
355254 
355256 
355266 
355270 
355271 
355272 
355273 
355274 
338890 
338891 
338893 
338895 
355283 
355284 
355285 
355287 
355288 
355290 
355293 
355294 
355295 
355296 
355298 
355299 
355303 
355307 
355309 
76792 
388093 
388094 
388095 
388096 
388098 
388100 
388101 
44037 
388102 
388103 
388104 
388107 
27660 
388111 
388114 
388117 
388123 
388125 
338973 
388127 
388128 
338976 
388129 
388130 
338978 
388131 
338979 
388132 
338980 
388133 
338981 
338982 
338983 
338984 
338985 
338986 
338987 
338988 
388141 
338989 
388142 
388143 
338991 
388144 
388145 
338993 
388146 
388147 
339000 
339008 
339009 
289901 
289907 
289911 
388219 
388220 
388221 
388222 
339070 
388224 
388226 
339074 
388227 
388228 
388229 
388230 
388233 
388237 
388240 
388243 
388249 
388251 
388253 
388254 
388255 
388256 
388257 
388258 
388259 
388267 
388268 
388269 
388270 
339118 
388271 
388272 
388273 
339122 
339123 
339130 
339132 
339133 
339135 
339137 
339139 
339140 
339141 
339142 
339143 
339144 
339145 
339146 
339148 
339149 
339150 
339151 
339152 
339153 
339154 
339155 
339156 
339157 
339159 
339162 
339164 
339166 
371937 
371938 
371939 
371942 
371944 
322797 
322798 
322799 
322801 
322802 
322803 
371957 
371958 
371959 
77047 
371960 
371961 
371962 
371963 
371972 
44292 
371973 
371975 
371977 
339210 
27915 
339212 
339213 
388366 
339214 
388367 
388368 
339216 
388369 
388371 
339219 
339220 
388373 
339221 
388374 
388375 
339223 
388376 
388377 
339226 
339227 
388380 
339230 
388384 
388387 
339236 
339237 
388390 
339238 
339240 
339241 
339242 
339243 
388396 
339244 
339245 
388398 
339246 
339247 
388400 
339248 
388401 
339249 
388402 
339250 
388403 
339251 
388404 
388405 
339253 
388406 
339257 
339259 
339260 
339261 
388414 
339262 
388415 
339263 
388416 
388417 
388418 
388419 
339267 
388420 
388464 
388465 
388466 
388467 
388469 
339317 
339318 
388471 
388472 
388473 
388474 
339322 
388475 
339325 
388478 
388482 
339332 
388485 
388488 
339337 
339338 
339339 
339340 
339341 
388494 
339342 
339343 
388496 
339345 
388498 
339346 
388499 
388500 
339348 
388501 
388502 
339350 
388503 
339351 
388504 
339352 
339353 
388512 
388513 
388514 
388515 
388516 
388517 
388518 
388527 
388528 
388529 
388530 
388532 
388534 
388535 
388536 
388537 
388538 
388541 
388545 
388548 
388551 
290248 
388557 
290253 
290254 
388559 
388561 
388562 
290258 
388563 
290259 
388564 
388565 
388566 
388567 
290264 
388575 
388576 
388577 
388578 
388579 
388580 
388581 
388590 
388591 
388592 
388593 
388595 
388597 
388598 
388599 
77303 
388600 
388601 
388604 
388608 
388611 
44548 
388614 
28171 
388620 
388622 
388624 
388625 
388626 
388627 
388628 
388629 
388630 
388638 
388639 
388640 
388641 
388642 
388643 
388644 
323135 
323137 
323139 
323143 
323145 
323147 
323148 
388687 
388688 
388689 
388690 
388692 
388694 
388695 
388696 
388697 
388698 
388701 
388705 
388708 
388711 
388721 
388723 
388727 
388728 
388729 
388730 
388731 
388732 
388733 
388741 
388742 
388743 
388744 
388745 
388746 
388747 
388816 
388817 
388818 
388819 
437972 
388821 
437974 
388823 
388829 
388833 
388836 
388837 
388840 
388843 
388844 
388845 
388846 
388847 
388848 
388849 
388850 
388851 
388852 
388853 
388854 
388855 
77559 
388856 
388857 
388859 
388860 
388862 
388863 
388864 
44804 
388871 
388872 
388873 
388875 
28427 
388877 
388880 
388881 
388883 
388884 
388891 
388895 
388899 
388900 
388901 
388902 
388903 
388904 
388905 
388909 
388911 
388920 
388921 
388922 
388923 
388924 
388925 
388926 
290623 
388928 
290624 
290628 
421702 
421703 
388936 
290633 
421706 
388938 
290634 
421708 
388941 
421710 
388942 
388943 
421712 
388944 
388945 
421714 
388946 
421715 
421717 
421719 
421720 
421721 
421722 
421723 
388955 
388956 
421725 
388957 
421726 
421727 
388959 
388960 
388965 
388966 
421735 
388967 
421736 
388968 
421738 
388970 
290666 
421739 
388971 
421740 
421741 
290669 
388975 
290671 
290674 
388979 
290676 
388981 
290705 
290708 
290710 
290714 
290716 
323487 
323492 
323493 
323494 
323495 
323496 
323497 
323498 
323521 
323524 
323530 
323532 
290779 
290782 
290784 
290788 
290790 
323570 
323573 
77815 
290814 
290817 
290819 
45060 
290823 
290825 
28683 
290849 
290852 
290854 
290858 
290860 
323640 
323643 
290884 
290887 
290889 
290893 
290895 
290905 
290908 
290910 
323682 
290914 
290916 
323685 
290933 
323703 
290936 
323706 
290938 
290942 
290944 
290961 
323731 
290964 
323734 
290966 
290970 
290972 
323759 
323762 
290996 
290999 
291001 
291005 
291007 
323787 
323790 
405716 
405717 
405718 
405719 
405720 
405721 
405722 
291038 
291041 
405731 
291043 
405732 
405734 
291046 
405736 
291048 
78071 
323834 
45316 
291079 
291083 
28939 
291088 
291089 
291092 
291094 
291098 
323873 
323876 
438570 
291114 
291123 
291124 
291125 
291129 
291134 
291140 
323920 
323922 
323942 
323949 
323951 
323952 
323953 
323954 
323955 
323985 
323987 
323988 
323989 
323991 
323993 
323997 
78327 
45572 
29195 
291485 
291489 
291495 
78583 
324348 
324349 
324350 
324351 
324352 
324353 
45828 
324361 
29451 
324391 
373593 
373597 
373600 
373601 
373602 
373604 
373605 
373606 
373607 
373608 
373609 
373610 
373611 
373615 
373617 
373619 
373620 
373621 
373622 
373623 
373624 
373626 
373627 
373629 
373630 
373631 
373633 
373634 
373638 
373640 
373644 
373645 
373646 
373647 
373648 
373649 
373650 
373651 
373652 
373653 
373654 
373655 
373656 
373658 
373660 
373667 
373676 
373677 
291830 
78839 
46084 
29707 
341047 
341051 
439358 
341054 
439359 
341057 
341070 
341071 
341074 
341075 
341076 
341077 
341078 
341079 
341080 
341088 
341089 
341090 
341091 
341092 
341093 
341094 
439465 
439470 
439471 
439472 
341232 
341236 
341239 
79095 
341242 
341248 
341249 
341252 
46340 
341253 
341254 
341255 
341256 
341257 
341258 
29963 
341266 
341267 
341268 
341269 
341270 
341271 
341272 
439577 
439584 
292160 
439617 
439619 
292165 
292166 
439624 
439625 
292170 
292171 
341344 
341348 
341354 
341360 
341361 
341364 
341365 
341366 
341367 
341368 
341369 
341370 
341378 
341379 
341380 
341381 
341382 
341383 
341384 
439691 
439693 
439698 
439699 
325059 
341472 
341473 
341476 
341477 
341478 
341479 
341480 
341481 
341482 
341490 
341491 
341492 
341493 
341494 
79350 
341495 
341496 
439803 
341500 
439805 
62973 
341503 
439810 
439811 
46595 
30218 
13839 
357904 
357905 
357906 
357908 
357914 
357916 
357918 
341584 
341585 
341588 
341589 
341590 
341591 
341592 
341593 
341594 
341597 
341601 
341602 
341603 
341604 
341605 
341606 
341607 
341608 
439915 
341612 
439917 
341615 
439922 
439923 
374387 
374388 
374389 
374390 
374391 
374392 
374393 
374394 
374395 
374397 
374398 
374399 
374400 
374401 
374405 
374408 
374409 
374411 
374413 
374414 
374415 
374416 
374418 
374419 
374420 
374421 
374422 
374424 
374425 
374426 
374428 
374429 
374430 
374431 
374432 
374433 
374434 
374435 
374438 
292519 
374440 
292520 
292524 
374445 
292525 
292529 
292530 
292535 
374464 
341696 
374465 
341697 
374467 
374468 
341700 
374469 
341701 
341702 
374471 
341703 
374472 
341704 
374473 
341705 
292553 
341706 
374475 
292555 
374477 
341709 
374478 
374480 
341713 
292561 
374482 
341714 
341715 
292563 
374484 
341716 
341717 
292565 
341718 
341719 
341720 
440027 
374492 
341724 
440029 
374493 
374494 
374495 
341727 
374496 
374497 
440034 
374498 
440035 
374506 
374507 
374508 
374509 
374510 
374511 
374512 
374521 
374523 
292606 
63230 
292608 
46853 
292614 
374535 
292617 
325386 
292619 
30476 
423694 
423695 
325391 
325392 
14096 
325393 
423698 
325395 
325396 
423701 
325397 
423702 
423705 
325401 
423713 
423714 
423715 
423717 
423718 
423719 
325421 
341808 
341809 
325425 
325426 
374580 
341812 
325428 
374581 
341813 
341814 
325430 
407351 
341815 
407352 
374584 
341816 
374585 
341817 
341818 
325434 
407355 
374587 
374588 
325436 
407357 
374589 
341821 
325438 
407359 
374591 
325439 
407361 
374593 
341825 
374594 
341826 
341827 
374596 
341828 
341829 
374598 
341830 
341831 
374600 
341832 
407369 
407370 
440139 
407372 
341836 
440141 
407374 
407375 
341839 
292687 
407376 
374608 
407377 
374609 
292689 
440146 
407378 
374610 
440147 
374611 
407380 
374612 
407381 
374613 
325461 
407382 
374614 
325462 
325463 
292695 
325465 
325466 
292698 
292700 
407389 
407390 
374622 
374623 
407392 
374624 
407393 
374625 
407394 
374626 
407395 
374627 
374628 
374632 
374645 
292729 
292731 
292737 
292740 
325510 
292742 
325511 
325512 
325514 
341899 
325515 
341900 
341903 
341904 
341905 
341906 
341907 
341908 
341909 
292757 
292759 
341912 
341916 
341917 
292765 
341918 
341919 
341920 
292768 
341921 
341922 
292770 
341923 
341927 
341930 
292792 
292794 
440251 
440253 
292800 
440258 
440259 
292803 
325573 
292805 
325574 
325575 
325577 
325578 
292827 
292829 
292835 
341990 
292838 
341991 
325608 
292840 
325609 
341994 
325610 
341995 
341996 
325612 
341997 
325613 
341998 
341999 
342000 
292848 
292850 
342003 
374775 
342007 
374776 
342008 
292856 
342009 
342010 
374779 
342011 
292859 
374780 
342012 
342013 
292861 
374782 
342014 
374783 
374784 
374786 
342018 
374788 
325636 
374789 
342021 
325637 
325638 
374791 
47111 
325640 
374793 
325641 
374795 
292876 
30733 
292878 
14354 
374803 
374804 
292884 
374805 
374806 
374807 
292887 
374808 
374809 
325657 
292889 
325658 
325659 
325661 
325662 
374817 
292897 
374818 
374819 
292899 
374820 
374821 
374822 
374823 
292905 
440363 
374827 
292908 
440365 
325678 
292910 
325679 
325680 
374833 
440370 
325682 
440371 
325683 
325699 
325700 
325701 
325703 
325704 
292939 
292941 
292947 
292949 
292951 
325720 
325721 
325722 
325724 
325725 
374887 
374888 
374891 
374892 
374894 
374895 
374896 
374898 
374900 
325748 
374901 
325749 
325750 
374903 
325752 
374905 
325753 
374907 
342142 
292990 
342143 
292992 
374915 
374916 
292996 
374917 
374918 
374919 
374920 
374921 
293001 
293007 
374929 
374930 
374931 
374932 
374933 
374934 
342166 
374935 
342167 
325783 
342168 
325784 
342169 
325785 
342170 
440475 
374939 
325787 
342172 
325788 
440477 
342175 
342176 
374945 
342177 
440482 
440483 
293030 
293034 
293039 
293040 
293045 
293049 
325821 
325824 
325825 
325827 
325829 
325833 
374999 
375000 
375003 
375004 
375006 
375007 
325855 
375008 
325856 
440545 
325857 
375010 
325858 
440547 
325859 
375012 
325860 
375013 
375015 
375017 
375019 
325868 
375027 
375028 
375029 
375030 
375031 
375032 
375033 
440574 
375041 
375042 
375043 
325891 
440580 
375044 
375045 
440582 
375046 
375047 
325897 
375051 
325899 
325900 
325901 
325902 
325903 
30991 
375057 
14612 
375083 
375084 
375087 
375088 
375090 
375091 
375092 
375094 
375096 
375097 
375099 
375101 
375103 
375111 
375112 
375113 
375114 
375115 
375116 
375117 
375125 
375126 
375127 
375128 
375129 
375130 
375131 
440668 
375135 
440673 
440675 
375141 
440678 
440679 
375167 
375168 
375171 
375172 
375174 
375175 
375176 
375178 
375180 
375181 
375183 
375185 
375187 
375195 
375196 
375197 
375198 
391583 
375199 
391584 
375200 
391585 
375201 
391587 
391593 
375209 
375210 
375211 
375212 
391597 
375213 
375214 
375215 
375219 
375225 
440783 
440784 
440785 
375251 
375252 
375255 
375256 
375258 
375259 
375260 
375262 
375264 
375265 
375267 
375269 
375271 
375279 
375280 
375281 
375282 
375283 
375284 
375285 
375293 
375294 
375295 
375296 
375297 
375298 
375299 
375303 
375309 
14869 
375321 
375322 
375325 
375326 
375328 
375329 
375330 
375332 
375334 
375335 
375337 
375339 
375341 
375349 
375350 
375351 
375352 
375353 
375354 
375355 
375363 
375364 
375365 
375366 
375367 
375368 
375369 
375373 
375379 
440932 
375433 
375434 
375437 
375438 
375440 
375441 
375442 
375444 
375446 
375447 
375449 
375451 
375453 
440997 
375461 
375462 
375463 
375464 
375465 
375466 
375467 
375468 
375469 
375470 
375472 
375473 
375478 
375484 
441061 
375572 
375573 
375576 
375577 
375579 
375580 
375581 
375583 
375585 
375586 
375588 
375590 
375592 
375593 
375594 
375596 
375597 
375598 
359214 
375600 
375601 
375602 
359218 
375604 
359220 
375605 
359221 
359222 
359223 
359224 
359225 
359227 
359230 
359231 
375616 
359233 
359234 
359235 
359236 
359237 
359238 
359239 
375624 
359240 
359241 
359243 
359244 
359245 
359247 
359254 
359261 
359262 
359264 
359266 
359267 
359268 
359269 
359270 
359271 
359272 
359273 
359274 
359275 
359277 
359278 
375663 
375664 
375665 
359281 
375666 
375667 
375668 
375669 
375671 
359288 
359289 
359290 
359291 
359292 
359293 
375678 
375680 
375681 
375682 
375684 
375685 
375686 
375688 
375689 
375690 
375691 
375693 
375694 
375695 
375696 
375697 
375698 
375699 
375700 
375701 
375703 
375704 
375705 
441244 
375711 
375712 
375716 
375718 
375719 
375720 
375721 
375723 
375724 
375725 
375729 
375734 
375735 
326583 
375736 
375738 
326586 
326587 
326588 
326589 
375743 
326591 
326592 
375755 
375757 
375761 
375763 
375765 
375766 
375767 
375768 
375769 
375772 
375773 
375775 
375776 
375777 
375779 
375782 
375783 
375784 
375785 
375786 
375787 
375788 
375793 
375796 
375797 
375798 
375799 
375800 
375801 
375802 
375805 
375806 
375809 
375813 
375815 
375816 
375817 
375819 
375820 
375821 
375822 
375823 
375824 
375825 
375826 
375827 
375829 
375830 
375832 
441391 
375916 
375917 
375918 
375920 
375921 
375923 
375926 
375932 
375933 
375936 
375944 
375945 
375946 
375948 
375949 
375950 
441503 
294048 
294052 
294054 
294058 
326926 
326927 
326928 
326930 
326931 
326932 
326936 
441660 
441745 
294392 
294393 
294397 
294398 
294403 
294409 
327283 
327284 
327285 
327286 
327288 
327289 
327325 
327327 
327328 
327330 
327331 
392892 
392893 
392894 
392895 
392896 
392897 
392899 
392903 
392905 
392906 
392907 
392908 
392909 
392910 
392911 
392912 
392913 
392915 
392916 
392917 
392919 
392926 
327395 
392933 
327397 
392934 
327398 
392936 
327400 
327401 
392938 
392939 
392940 
392941 
392942 
392943 
392944 
392945 
392946 
343794 
392947 
392949 
392950 
343798 
392951 
343799 
392953 
343801 
343802 
343803 
343805 
392960 
343808 
392961 
343809 
392962 
343810 
392963 
343811 
392964 
343812 
392965 
343813 
343814 
327430 
327432 
327433 
409354 
409355 
343819 
327435 
327436 
409358 
409360 
409362 
409364 
343829 
409366 
409367 
343832 
409369 
343833 
343834 
409371 
409372 
409373 
409374 
409375 
343839 
409377 
343841 
409378 
343842 
327458 
409379 
343843 
327460 
343845 
327461 
343846 
343847 
327463 
343848 
327464 
343849 
343850 
409387 
343851 
409388 
343852 
343853 
409390 
409391 
343855 
409392 
343856 
409393 
343865 
327486 
327488 
327489 
327491 
327492 
327507 
327509 
327510 
294742 
327512 
294744 
327513 
294751 
294753 
327528 
327530 
327531 
327533 
327534 
327542 
327544 
327545 
327547 
327548 
360319 
360320 
360324 
294788 
360326 
343942 
294790 
360328 
343945 
360330 
360331 
360332 
343948 
360333 
343949 
360334 
343950 
294798 
360335 
343952 
294800 
360337 
343953 
360338 
343954 
360339 
343955 
343957 
360342 
343958 
360343 
360344 
343960 
343961 
327577 
343962 
343963 
327579 
360348 
343964 
327580 
360350 
343966 
327582 
327583 
360352 
343968 
360353 
360355 
343972 
360357 
343973 
343974 
360359 
360360 
360361 
360362 
360363 
343979 
360364 
360365 
360367 
343983 
343984 
360369 
343985 
343986 
360371 
343987 
343988 
360373 
343989 
360374 
360375 
343991 
360376 
360377 
343993 
360378 
360379 
343995 
360380 
343996 
360381 
360382 
360384 
360386 
327619 
327620 
360389 
327621 
327622 
360391 
327623 
294855 
327624 
360393 
327625 
294857 
294865 
294867 
327656 
344043 
344047 
327663 
344048 
327664 
344049 
327665 
294897 
344050 
327666 
344051 
327667 
294899 
327668 
327669 
294907 
344060 
327676 
344061 
294909 
344062 
344063 
)

// ************************************************************************* //
